Hs-SORBS1,2000,1000,T008446-SORBS1,"p3@SORBS1"
rank,ID,Fabs,Frel,association_with_transcript,entrezgene_id,hgnc_id,uniprot_id,gene_name,description,type
1,T128087,2009,0.9990,p1@FBXO40,51725,29816,Q9UH90,FBXO40,"F-box protein 40","gene with protein product"
2,T020802,2001,0.9990,p13@ACACB,32,85,,ACACB,"acetyl-CoA carboxylase beta","gene with protein product"
3,T001877,2009,0.9985,p15@TACC2,10579,11523,,TACC2,"transforming acidic coiled-coil containing protein 2","gene with protein product"
4,T008442,1999,0.9960,p6@SORBS1,10580,14565,,SORBS1,"sorbin and SH3 domain containing 1","gene with protein product"
5,T009707,2000,0.9955,p1@CRYAB,1410,2389,P02511,CRYAB,"crystallin alpha B","gene with protein product"
6,T008445,1984,0.9866,p2@SORBS1,10580,14565,,SORBS1,"sorbin and SH3 domain containing 1","gene with protein product"
7,T010629,1984,0.9851,p5@USP2,9099,12618,E9PJ34,USP2,"ubiquitin specific peptidase 2","gene with protein product"
8,T008444,1975,0.9821,p13@SORBS1,10580,14565,,SORBS1,"sorbin and SH3 domain containing 1","gene with protein product"
9,T008443,1960,0.9766,p10@SORBS1,10580,14565,,SORBS1,"sorbin and SH3 domain containing 1","gene with protein product"
10,T117213,1960,0.9756,p3@CFLAR,8837,1876,E9PAP3,CFLAR,"CASP8 and FADD like apoptosis regulator","gene with protein product"
11,T166814,1953,0.9731,p2@MLIP,90523,21355,"Q5VWP3,E2QRH6,D6RE05",MLIP,"muscular LMNA interacting protein","gene with protein product"
12,T020801,1939,0.9652,p4@ACACB,32,85,,ACACB,"acetyl-CoA carboxylase beta","gene with protein product"
13,T082857,1935,0.9646,p1@S100A1,6271,10486,"P23297,Q5T7Y4,B2R5D9",S100A1,"S100 calcium binding protein A1","gene with protein product"
14,T166816,1934,0.9627,p6@MLIP,90523,21355,D6RHX6,MLIP,"muscular LMNA interacting protein","gene with protein product"
15,T132940,1934,0.9617,p8@TPRG1,285386,24759,C9JDW1,TPRG1,"tumor protein p63 regulated 1","gene with protein product"
16,T125661,1930,0.9612,p2@ELMOD3,84173,26158,,ELMOD3,"ELMO domain containing 3","gene with protein product"
17,T006819,1931,0.9607,p3@SYNPO2L,79933,23532,"A6NCR3,Q9H987",SYNPO2L,"synaptopodin 2 like","gene with protein product"
18,T020800,1927,0.9601,p9@ACACB,32,85,,ACACB,"acetyl-CoA carboxylase beta","gene with protein product"
19,T153201,1930,0.9588,p3@BTNL9,153579,24176,"Q6UXG8,A6NJ33,Q8N324",BTNL9,"butyrophilin like 9","gene with protein product"
20,T128694,1924,0.9586,p2@KBTBD12,166348,25731,B5MCZ4,KBTBD12,"kelch repeat and BTB domain containing 12","gene with protein product"
21,T166815,1918,0.9585,p1@MLIP,90523,21355,D6RHX6,MLIP,"muscular LMNA interacting protein","gene with protein product"
22,T118789,1914,0.9522,p3@TNS1,7145,11973,,TNS1,"tensin 1","gene with protein product"
23,T130536,1909,0.9512,p3@MBNL1,4154,6923,C9JCX1,MBNL1,"muscleblind like splicing regulator 1","gene with protein product"
24,T134140,1896,0.9461,p1@GPD1L,23171,28956,"C9JM46,C9JFA7",GPD1L,"glycerol-3-phosphate dehydrogenase 1-like","gene with protein product"
25,T084426,1899,0.9448,p4@CASQ1,844,1512,P31415,CASQ1,"calsequestrin 1","gene with protein product"
26,T128088,1899,0.9438,p2@FBXO40,51725,29816,Q9UH90,FBXO40,"F-box protein 40","gene with protein product"
27,T188063,1894,0.9428,p1@NIPSNAP3B,55335,23641,Q9BS92,NIPSNAP3B,"nipsnap homolog 3B","gene with protein product"
28,T044875,1892,0.9427,"p1@GCOM1,p1@MYZAP","145781,100820829","26424,43444","P0CAP1,P0CAP2",GCOM1,"GRINL1A complex locus 1",readthrough
29,T087906,1889,0.9426,p2@PPP1R12B,4660,7619,Q6GQY8,PPP1R12B,"protein phosphatase 1 regulatory subunit 12B","gene with protein product"
30,T052154,1890,0.9412,p1@IRX6,79190,14675,P78412,IRX6,"iroquois homeobox 6","gene with protein product"
31,T007659,1890,0.9403,p1@LDB3,11155,15710,,LDB3,"LIM domain binding 3","gene with protein product"
32,T085037,1887,0.9397,p1@HSPB7,27129,5249,"D3YTC6,F6SZA2",HSPB7,"heat shock protein family B (small) member 7","gene with protein product"
33,T166799,1884,0.9397,p6@KLHL31,401265,21353,Q9H511,KLHL31,"kelch like family member 31","gene with protein product"
34,T150718,1888,0.9388,p1@SYNPO,11346,30672,,SYNPO,synaptopodin,"gene with protein product"
35,T044877,1882,0.9382,p4@GCOM1,145781,26424,P0CAP1,GCOM1,"GRINL1A complex locus 1",readthrough
36,T044876,1883,0.9373,p2@GCOM1,145781,26424,P0CAP1,GCOM1,"GRINL1A complex locus 1",readthrough
37,T156066,1878,0.9339,p1@CMYA5,202333,14305,Q8N3K9,CMYA5,"cardiomyopathy associated 5","gene with protein product"
38,T108219,1879,0.9334,p1@MB,4151,6915,"B0QYF7,B4DUI1,P02144",MB,myoglobin,"gene with protein product"
39,T026795,1871,0.9308,p2@PPP1R1A,5502,9286,"Q13522,E7ENB4",PPP1R1A,"protein phosphatase 1 regulatory inhibitor subunit 1A","gene with protein product"
40,T090547,1868,0.9307,p1@ADCK3,56997,16812,"Q5T7A2,Q5T7A4,Q8NI60",COQ8A,"coenzyme Q8A","gene with protein product"
41,T170386,1870,0.9303,p1@ASB15,142685,19767,Q8WXK1,ASB15,"ankyrin repeat and SOCS box containing 15","gene with protein product"
42,T156193,1865,0.9302,p1@CKMT2,1160,1996,"P17540,D6RHV3,D6R998",CKMT2,"creatine kinase, mitochondrial 2","gene with protein product"
43,T052338,1867,0.9298,p7@MT1M,4499,14296,Q8N339,MT1M,"metallothionein 1M","gene with protein product"
44,T044878,1864,0.9297,"p2@POLR2M,p3@GCOM1","81488,145781","14862,26424",,POLR2M,"RNA polymerase II subunit M","gene with protein product"
45,T055495,1860,0.9268,p1@TUSC5,286753,29592,Q8IXB3,TUSC5,"tumor suppressor candidate 5","gene with protein product"
46,T053862,1860,0.9268,p42@RBFOX1,54715,18222,"Q9NWB1,F8WAC5",RBFOX1,"RNA binding protein, fox-1 homolog 1","gene with protein product"
47,T105270,1853,0.9233,p4@SH3BGR,6450,10822,P55822,SH3BGR,"SH3 domain binding glutamate rich protein","gene with protein product"
48,T115911,1845,0.9211,p11@TTN,7273,12403,,TTN,titin,"gene with protein product"
49,T059045,1848,0.9199,p2@CD300LG,146894,30455,"Q6UXG3,F8W9M3,F5H7P9,B4DNY5",CD300LG,"CD300 molecule like family member g","gene with protein product"
50,T001878,1846,0.9198,p9@TACC2,10579,11523,,TACC2,"transforming acidic coiled-coil containing protein 2","gene with protein product"
51,T005080,1844,0.9179,p2@C10orf71,118461,26973,Q711Q0,C10orf71,"chromosome 10 open reading frame 71","gene with protein product"
52,T144313,1843,0.9174,p5@LNX1,84708,6657,D6RE08,LNX1,"ligand of numb-protein X 1","gene with protein product"
53,T079670,1837,0.9139,p2@PALMD,54873,15846,Q9NP74,PALMD,palmdelphin,"gene with protein product"
54,T001879,1822,0.9092,p7@TACC2,10579,11523,,TACC2,"transforming acidic coiled-coil containing protein 2","gene with protein product"
55,T079668,1822,0.9078,p1@PALMD,54873,15846,Q9NP74,PALMD,palmdelphin,"gene with protein product"
56,T007661,1822,0.9078,p4@LDB3,11155,15710,O75112,LDB3,"LIM domain binding 3","gene with protein product"
57,T185900,1823,0.9061,p7@PDE7A,5150,8791,Q13946,PDE7A,"phosphodiesterase 7A","gene with protein product"
58,T197526,1813,0.9038,p12@ARHGEF6,9459,685,"F5H8B2,Q15052,Q8N4Q3",ARHGEF6,"Rac/Cdc42 guanine nucleotide exchange factor 6","gene with protein product"
59,T199315,1815,0.9030,p3@DMD,1756,2928,P11532,DMD,dystrophin,"gene with protein product"
60,T177549,1808,0.9013,p7@CD36,948,1663,E9PLT1,CD36,"CD36 molecule","gene with protein product"
61,T115915,1814,0.9011,p13@TTN,7273,12403,,TTN,titin,"gene with protein product"
62,T107797,1807,0.8999,p6@SMTN,6525,11126,B5MCI0,SMTN,smoothelin,"gene with protein product"
63,T115910,1798,0.8963,p21@TTN,7273,12403,,TTN,titin,"gene with protein product"
64,T135388,1803,0.8952,p6@MAP4,4134,6862,Q86V26,MAP4,"microtubule associated protein 4","gene with protein product"
65,T166797,1801,0.8951,p5@KLHL31,401265,21353,Q9H511,KLHL31,"kelch like family member 31","gene with protein product"
66,T110206,1800,0.8951,p2@CPT1B,1375,2329,"Q92523,E9PCP2,B7Z4U4,A5PLL0,Q53FV7,B7Z5T8",CPT1B,"carnitine palmitoyltransferase 1B","gene with protein product"
67,T156067,1794,0.8943,p3@CMYA5,202333,14305,Q8N3K9,CMYA5,"cardiomyopathy associated 5","gene with protein product"
68,T091473,1794,0.8934,p1@ACTN2,88,164,P35609,ACTN2,"actinin alpha 2","gene with protein product"
69,T055492,1796,0.8926,p4@TUSC5,286753,29592,Q8IXB3,TUSC5,"tumor suppressor candidate 5","gene with protein product"
70,T027677,1794,0.8925,p7@SLC16A7,9194,10928,F8W0N3,SLC16A7,"solute carrier family 16 member 7","gene with protein product"
71,T166794,1782,0.8906,p2@KLHL31,401265,21353,Q9H511,KLHL31,"kelch like family member 31","gene with protein product"
72,T001404,1785,0.8876,p2@ECHDC3,79746,23489,Q5W0J8,ECHDC3,"enoyl-CoA hydratase domain containing 3","gene with protein product"
73,T035739,1779,0.8855,p2@ADSSL1,122622,20093,Q8N142,ADSSL1,"adenylosuccinate synthase like 1","gene with protein product"
74,T022933,1780,0.8851,p1@APOLD1,81575,25268,"A0AVN6,Q96LR9",APOLD1,"apolipoprotein L domain containing 1","gene with protein product"
75,T175694,1774,0.8839,p2@OGDH,4967,8124,"C9J4G7,Q96DD3,E9PDF2,E9PBM1",OGDH,"oxoglutarate dehydrogenase","gene with protein product"
76,T099854,1770,0.8810,p3@SNTA1,6640,11167,Q13424,SNTA1,"syntrophin alpha 1","gene with protein product"
77,T166793,1765,0.8799,p4@KLHL31,401265,21353,Q9H511,KLHL31,"kelch like family member 31","gene with protein product"
78,T014409,1764,0.8772,p1@CRY2,1408,2385,,CRY2,"cryptochrome circadian clock 2","gene with protein product"
79,T124212,1752,0.8712,p3@WDPCP,51057,28027,,WDPCP,"WD repeat containing planar cell polarity effector","gene with protein product"
80,T197432,1745,0.8708,p4@FHL1,2273,3702,,FHL1,"four and a half LIM domains 1","gene with protein product"
81,T134777,1750,0.8706,p1@HHATL,57467,13242,"C9JKQ1,C9JL39",HHATL,"hedgehog acyltransferase-like","gene with protein product"
82,T177570,1747,0.8679,p18@CD36,948,1663,"E7EWI4,P16671,A4D1B1",CD36,"CD36 molecule","gene with protein product"
83,T095629,1742,0.8675,p1@PRKAA2,5563,9377,P54646,PRKAA2,"protein kinase AMP-activated catalytic subunit alpha 2","gene with protein product"
84,T166796,1741,0.8670,p7@KLHL31,401265,21353,Q9H511,KLHL31,"kelch like family member 31","gene with protein product"
85,T076317,1738,0.8668,p1@TMEM143,55260,25603,"Q96AN5,B4DMT0,B4DPF8,F5GZQ8",TMEM143,"transmembrane protein 143","gene with protein product"
86,T020926,1736,0.8641,p12@ATP2A2,488,812,F8W1Z7,ATP2A2,"ATPase sarcoplasmic/endoplasmic reticulum Ca2+ transporting 2","gene with protein product"
87,T153203,1733,0.8635,p4@BTNL9,153579,24176,,BTNL9,"butyrophilin like 9","gene with protein product"
88,T085215,1728,0.8601,p1@DUSP27,92235,25034,Q5VZP5,DUSP27,"dual specificity phosphatase 27 (putative)","gene with protein product"
89,T059046,1723,0.8581,p1@CD300LG,146894,30455,Q6UXG3,CD300LG,"CD300 molecule like family member g","gene with protein product"
90,T055493,1720,0.8570,p2@TUSC5,286753,29592,Q8IXB3,TUSC5,"tumor suppressor candidate 5","gene with protein product"
91,T198554,1718,0.8569,p1@F8,2157,3546,"P00451,Q14286",F8,"coagulation factor VIII","gene with protein product"
92,T055494,1722,0.8550,p3@TUSC5,286753,29592,Q8IXB3,TUSC5,"tumor suppressor candidate 5","gene with protein product"
93,T117230,1713,0.8544,p25@CFLAR,8837,1876,F8WBH9,CFLAR,"CASP8 and FADD like apoptosis regulator","gene with protein product"
94,T199317,1715,0.8537,p2@DMD,1756,2928,"F5H6K1,P11532,Q8N754,Q8WYE8",DMD,dystrophin,"gene with protein product"
95,T094940,1714,0.8527,p3@MAST2,23139,19035,,MAST2,"microtubule associated serine/threonine kinase 2","gene with protein product"
96,T183203,1711,0.8521,p18@SLC39A14,23516,20858,E5RFF5,SLC39A14,"solute carrier family 39 member 14","gene with protein product"
97,T144685,1710,0.8507,p5@TECRL,253017,27365,,TECRL,"trans-2,3-enoyl-CoA reductase-like","gene with protein product"
98,T154111,1700,0.8475,p3@C6,729,1339,,C6,"complement C6","gene with protein product"
99,T177548,1702,0.8472,p44@CD36,948,1663,"A4D1B1,P16671",CD36,"CD36 molecule","gene with protein product"
100,T136195,1696,0.8459,p5@TNNC1,7134,11943,C9JDI3,TNNC1,"troponin C1, slow skeletal and cardiac type","gene with protein product"
101,T052345,1697,0.8451,p2@MT1A,4489,7393,P04731,MT1A,"metallothionein 1A","gene with protein product"
102,T153202,1694,0.8449,p1@BTNL9,153579,24176,B7Z4Y8,BTNL9,"butyrophilin like 9","gene with protein product"
103,T154160,1696,0.8446,p2@GHR,2690,4263,P10912,GHR,"growth hormone receptor","gene with protein product"
104,T004841,1693,0.8431,p8@ZNF22,7570,13012,P17026,ZNF22,"zinc finger protein 22","gene with protein product"
105,T055575,1698,0.8431,p22@MYO1C,4641,7597,O00159,MYO1C,"myosin IC","gene with protein product"
106,T150958,1695,0.8424,p1@CCDC69,26112,24487,"E5RK59,A6NI79,Q7L2X4",CCDC69,"coiled-coil domain containing 69","gene with protein product"
107,T064241,1684,0.8386,p8@C1QTNF1,114897,14324,Q6ZMH6,C1QTNF1,"C1q and tumor necrosis factor related protein 1","gene with protein product"
108,T005762,1684,0.8386,p27@ARID5B,84159,17362,Q14865,ARID5B,"AT-rich interaction domain 5B","gene with protein product"
109,T053861,1684,0.8386,p14@RBFOX1,54715,18222,"Q9NWB1,F8WAC5",RBFOX1,"RNA binding protein, fox-1 homolog 1","gene with protein product"
110,T066777,1674,0.8324,p6@MYL12A,10627,16701,Q53X45,MYL12A,"myosin light chain 12A","gene with protein product"
111,T136197,1666,0.8318,p1@TNNC1,7134,11943,"P63316,Q6FH91",TNNC1,"troponin C1, slow skeletal and cardiac type","gene with protein product"
112,T082859,1669,0.8308,p2@S100A1,6271,10486,"B2R5D9,P23297",S100A1,"S100 calcium binding protein A1","gene with protein product"
113,T166798,1666,0.8293,p3@KLHL31,401265,21353,Q9H511,KLHL31,"kelch like family member 31","gene with protein product"
114,T141383,1660,0.8271,p8@NPY1R,4886,7956,D6RC44,NPY1R,"neuropeptide Y receptor Y1","gene with protein product"
115,T128265,1652,0.8239,p8@ADCY5,111,236,C9JRT8,ADCY5,"adenylate cyclase 5","gene with protein product"
116,T020925,1653,0.8236,p14@ATP2A2,488,812,F8W1Z7,ATP2A2,"ATPase sarcoplasmic/endoplasmic reticulum Ca2+ transporting 2","gene with protein product"
117,T006814,1648,0.8219,p5@SYNPO2L,79933,23532,Q9H987,SYNPO2L,"synaptopodin 2 like","gene with protein product"
118,T068051,1650,0.8209,p38@ALPK2,115701,20565,Q86TB3,ALPK2,"alpha kinase 2","gene with protein product"
119,T134776,1647,0.8198,p4@HHATL,57467,13242,"C9JKQ1,C9JL39",HHATL,"hedgehog acyltransferase-like","gene with protein product"
120,T032015,1641,0.8168,p2@SGCG,6445,10809,Q13326,SGCG,"sarcoglycan gamma","gene with protein product"
121,T009641,1637,0.8165,p1@SIK2,23235,21680,Q9H0K1,SIK2,"salt inducible kinase 2","gene with protein product"
122,T001402,1643,0.8158,p1@ECHDC3,79746,23489,"Q96DC8,Q5W0J8",ECHDC3,"enoyl-CoA hydratase domain containing 3","gene with protein product"
123,T160245,1634,0.8158,p2@EPM2A,7957,3413,E7EQI8,EPM2A,"EPM2A, laforin glucan phosphatase","gene with protein product"
124,T115913,1639,0.8154,p72@TTN,7273,12403,,TTN,titin,"gene with protein product"
125,T140122,1638,0.8153,p6@RNF150,57484,23138,Q9ULK6,RNF150,"ring finger protein 150","gene with protein product"
126,T023899,1634,0.8150,p5@C12orf39,80763,28139,Q9BT56,SPX,"spexin hormone","gene with protein product"
127,T068050,1637,0.8148,p7@ALPK2,115701,20565,Q86TB3,ALPK2,"alpha kinase 2","gene with protein product"
128,T110331,1634,0.8146,p4@TBC1D8,11138,17791,,TBC1D8,"TBC1 domain family member 8","gene with protein product"
129,T145714,1629,0.8109,p3@ART3,419,725,Q13508,ART3,"ADP-ribosyltransferase 3","gene with protein product"
130,T073527,1625,0.8097,p1@COX7A1,1346,2287,,COX7A1,"cytochrome c oxidase subunit 7A1","gene with protein product"
131,T197525,1621,0.8073,p5@ARHGEF6,9459,685,"F5H8B2,Q15052,Q8N4Q3",ARHGEF6,"Rac/Cdc42 guanine nucleotide exchange factor 6","gene with protein product"
132,T001130,1625,0.8069,p7@GPAM,57678,24865,,GPAM,"glycerol-3-phosphate acyltransferase, mitochondrial","gene with protein product"
133,T057840,1618,0.8058,p1@TCAP,8557,11610,"A2TDC0,O15273",TCAP,titin-cap,"gene with protein product"
134,T190625,1616,0.8048,p3@RAPGEF1,2889,4568,"F5H4P5,E9PDT1,F5H704,C9JL20,Q5JUE5,E7ETL5,Q13905",RAPGEF1,"Rap guanine nucleotide exchange factor 1","gene with protein product"
135,T132939,1614,0.8042,p18@TPRG1,285386,24759,C9JDW1,TPRG1,"tumor protein p63 regulated 1","gene with protein product"
136,T166795,1615,0.8039,p1@KLHL31,401265,21353,Q9H511,KLHL31,"kelch like family member 31","gene with protein product"
137,T079669,1611,0.8035,p4@PALMD,54873,15846,Q9NP74,PALMD,palmdelphin,"gene with protein product"
138,T026039,1611,0.8015,p2@NR4A1,3164,7980,,NR4A1,"nuclear receptor subfamily 4 group A member 1","gene with protein product"
139,T001403,1609,0.8013,p3@ECHDC3,79746,23489,Q5W0J8,ECHDC3,"enoyl-CoA hydratase domain containing 3","gene with protein product"
140,T024052,1617,0.8013,p6@IQSEC3,440073,29193,Q9UPP2,IQSEC3,"IQ motif and Sec7 domain 3","gene with protein product"
141,T106501,1607,0.8007,p9@TUBA8,51807,12410,C9K0S6,TUBA8,"tubulin alpha 8","gene with protein product"
142,T021043,1605,0.7989,p1@MYL2,4633,7583,"P10916,G3V1V8",MYL2,"myosin light chain 2","gene with protein product"
143,T065828,1597,0.7949,p1@CIDEA,1149,1976,E5RJ03,CIDEA,"cell death-inducing DFFA-like effector a","gene with protein product"
144,T066778,1597,0.7941,p2@MYL12A,10627,16701,Q53X45,MYL12A,"myosin light chain 12A","gene with protein product"
145,T142526,1591,0.7927,p1@SLC25A4,291,10990,P12235,SLC25A4,"solute carrier family 25 member 4","gene with protein product"
146,T051647,1585,0.7913,p3@MYLK3,91807,29826,B7Z5U8,MYLK3,"myosin light chain kinase 3","gene with protein product"
147,T185898,1584,0.7900,p26@PDE7A,5150,8791,Q13946,PDE7A,"phosphodiesterase 7A","gene with protein product"
148,T012628,1585,0.7889,p1@CSRP3,8048,2472,"A2TDB8,P50461",CSRP3,"cysteine and glycine rich protein 3","gene with protein product"
149,T184557,1580,0.7869,p3@TACC1,6867,11522,E7ES82,TACC1,"transforming acidic coiled-coil containing protein 1","gene with protein product"
150,T162049,1577,0.7857,p1@FRMD1,79981,21240,,FRMD1,"FERM domain containing 1","gene with protein product"
151,T006104,1576,0.7856,p6@MYPN,84665,23246,,MYPN,myopalladin,"gene with protein product"
152,T197431,1577,0.7846,p56@FHL1,2273,3702,,FHL1,"four and a half LIM domains 1","gene with protein product"
153,T005079,1573,0.7834,p7@C10orf71,118461,26973,Q711Q0,C10orf71,"chromosome 10 open reading frame 71","gene with protein product"
154,T000354,1577,0.7830,p5@KCNIP2,30819,15522,A6NFF4,KCNIP2,"potassium voltage-gated channel interacting protein 2","gene with protein product"
155,T153498,1571,0.7820,p5@PDZD2,23037,18486,,PDZD2,"PDZ domain containing 2","gene with protein product"
156,T075382,1568,0.7809,p1@PLIN5,440503,33196,Q00G26,PLIN5,"perilipin 5","gene with protein product"
157,T126026,1569,0.7802,p2@SMYD1,150572,20986,"Q8NB12,C9JUP3",SMYD1,"SET and MYND domain containing 1","gene with protein product"
158,T188356,1562,0.7787,"p5@PALM2,p7@AKAP2,p8@PALM2-AKAP2","11217,445815,114299","33529,372,15845","Q9Y2D5,Q8IXS6",PALM2-AKAP2,"PALM2-AKAP2 readthrough",readthrough
159,T005761,1560,0.7784,p54@ARID5B,84159,17362,Q14865,ARID5B,"AT-rich interaction domain 5B","gene with protein product"
160,T085543,1563,0.7776,p3@FMO2,2327,3770,"Q99518,Q5JPC7,Q86U73",FMO2,"flavin containing monooxygenase 2","gene with protein product"
161,T177552,1551,0.7724,p11@CD36,948,1663,,CD36,"CD36 molecule","gene with protein product"
162,T055496,1554,0.7724,p5@TUSC5,286753,29592,Q8IXB3,TUSC5,"tumor suppressor candidate 5","gene with protein product"
163,T144686,1551,0.7716,p2@TECRL,253017,27365,Q5HYJ1,TECRL,"trans-2,3-enoyl-CoA reductase-like","gene with protein product"
164,T023950,1550,0.7711,p1@ABCC9,10060,60,Q8N4N7,ABCC9,"ATP binding cassette subfamily C member 9","gene with protein product"
165,T154158,1548,0.7701,p7@GHR,2690,4263,P10912,GHR,"growth hormone receptor","gene with protein product"
166,T073049,1544,0.7697,p13@FXYD1,5348,4025,O00168,FXYD1,"FXYD domain containing ion transport regulator 1","gene with protein product"
167,T023898,1546,0.7695,p16@C12orf39,80763,28139,Q9BT56,SPX,"spexin hormone","gene with protein product"
168,T001131,1545,0.7694,p8@GPAM,57678,24865,,GPAM,"glycerol-3-phosphate acyltransferase, mitochondrial","gene with protein product"
169,T037158,1542,0.7675,p15@MYH7,4625,7577,Q2XUS2,MYH7,"myosin heavy chain 7","gene with protein product"
170,T084736,1538,0.7667,p3@ADAMTS4,9507,220,O75173,ADAMTS4,"ADAM metallopeptidase with thrombospondin type 1 motif 4","gene with protein product"
171,T110340,1534,0.7662,p14@KLF11,8462,11811,"B4DZE7,O14901",KLF11,"Kruppel like factor 11","gene with protein product"
172,T136192,1534,0.7659,p2@TNNC1,7134,11943,,TNNC1,"troponin C1, slow skeletal and cardiac type","gene with protein product"
173,T031644,1533,0.7634,p1@ADPRHL1,113622,21303,Q8NDY3,ADPRHL1,"ADP-ribosylhydrolase like 1","gene with protein product"
174,T087907,1533,0.7631,p4@PPP1R12B,4660,7619,Q6GQY8,PPP1R12B,"protein phosphatase 1 regulatory subunit 12B","gene with protein product"
175,T190554,1531,0.7625,p2@PPAPDC3,84814,28174,,PLPP7,"phospholipid phosphatase 7 (inactive)","gene with protein product"
176,T044239,1531,0.7617,p10@ATP8B4,79895,13536,,ATP8B4,"ATPase phospholipid transporting 8B4 (putative)","gene with protein product"
177,T115909,1524,0.7616,p2@TTN,7273,12403,,TTN,titin,"gene with protein product"
178,T124206,1521,0.7575,p4@MDH1,4190,6970,"C9JF79,F5H098,B7Z3I7,P40925,B4DUN2",MDH1,"malate dehydrogenase 1","gene with protein product"
179,T107798,1519,0.7569,p3@SMTN,6525,11126,B5MBZ4,SMTN,smoothelin,"gene with protein product"
180,T177563,1513,0.7539,p16@CD36,948,1663,"A4D1B1,P16671",CD36,"CD36 molecule","gene with protein product"
181,T037160,1509,0.7530,p3@MYH7,4625,7577,Q2XUS2,MYH7,"myosin heavy chain 7","gene with protein product"
182,T172745,1509,0.7522,p1@ASB10,136371,17185,F8WB38,ASB10,"ankyrin repeat and SOCS box containing 10","gene with protein product"
183,T117214,1510,0.7520,p11@CFLAR,8837,1876,E9PAP3,CFLAR,"CASP8 and FADD like apoptosis regulator","gene with protein product"
184,T059017,1514,0.7510,p2@MEOX1,4222,7013,,MEOX1,"mesenchyme homeobox 1","gene with protein product"
185,T076664,1509,0.7507,p1@HRC,3270,5178,P23327,HRC,"histidine rich calcium binding protein","gene with protein product"
186,T026879,1507,0.7505,p17@ITGA7,3679,6143,,ITGA7,"integrin subunit alpha 7","gene with protein product"
187,T024725,1505,0.7495,p11@PKP2,5318,9024,,PKP2,"plakophilin 2","gene with protein product"
188,T004003,1496,0.7446,p11@SVIL,6840,11480,,SVIL,supervillin,"gene with protein product"
189,T065469,1494,0.7440,p4@ARHGEF15,22899,15590,O94989,ARHGEF15,"Rho guanine nucleotide exchange factor 15","gene with protein product"
190,T060846,1490,0.7435,p4@TMEM100,55273,25607,Q9NV29,TMEM100,"transmembrane protein 100","gene with protein product"
191,T139037,1491,0.7425,p10@ANK2,287,493,D6RIY9,ANK2,"ankyrin 2","gene with protein product"
192,T037207,1491,0.7414,p1@MYH7,4625,7577,"F5H4L2,P12883",MYH7,"myosin heavy chain 7","gene with protein product"
193,T144964,1490,0.7406,p1@CSN1S1,1446,2445,"P47710,F8WAC2,E9PB60,Q4PNR5",CSN1S1,"casein alpha s1","gene with protein product"
194,T158316,1482,0.7384,p8@PLN,5350,9080,,PLN,phospholamban,"gene with protein product"
195,T140121,1482,0.7366,p3@RNF150,57484,23138,Q9ULK6,RNF150,"ring finger protein 150","gene with protein product"
196,T118821,1474,0.7355,p1@TNS1,7145,11973,"C9JZT0,A1L0S7,Q59G71,Q86VB0,Q9HBL0",TNS1,"tensin 1","gene with protein product"
197,T136193,1477,0.7345,p3@TNNC1,7134,11943,,TNNC1,"troponin C1, slow skeletal and cardiac type","gene with protein product"
198,T106315,1470,0.7339,p8@PCNT,5116,16068,,PCNT,pericentrin,"gene with protein product"
199,T115854,1471,0.7322,p57@TTN,7273,12403,,TTN,titin,"gene with protein product"
200,T154162,1467,0.7288,p3@GHR,2690,4263,P10912,GHR,"growth hormone receptor","gene with protein product"
201,T000355,1464,0.7284,p1@KCNIP2,30819,15522,A6NN12,KCNIP2,"potassium voltage-gated channel interacting protein 2","gene with protein product"
202,T199316,1461,0.7276,p4@DMD,1756,2928,P11532,DMD,dystrophin,"gene with protein product"
203,T159873,1455,0.7260,p4@TXLNB,167838,21617,Q8N3L3,TXLNB,"taxilin beta","gene with protein product"
204,T085421,1455,0.7246,p2@SLC19A2,10560,10938,O60779,SLC19A2,"solute carrier family 19 member 2","gene with protein product"
205,T121651,1456,0.7240,p1@TRIM54,57159,16008,Q9BYV2,TRIM54,"tripartite motif containing 54","gene with protein product"
206,T025129,1451,0.7237,p13@ANO6,196527,25240,"E9PB30,Q4KMQ2",ANO6,"anoctamin 6","gene with protein product"
207,T134684,1452,0.7231,p2@ULK4,54986,15784,Q96C45,ULK4,"unc-51 like kinase 4","gene with protein product"
208,T081684,1446,0.7216,p2@PDE4DIP,9659,15580,"Q5VU43,E9PJU0",PDE4DIP,"phosphodiesterase 4D interacting protein","gene with protein product"
209,T126025,1447,0.7188,p1@SMYD1,150572,20986,E9PHG3,SMYD1,"SET and MYND domain containing 1","gene with protein product"
210,T170582,1441,0.7187,p2@LEP,3952,6553,"A4D0Y8,P41159",LEP,leptin,"gene with protein product"
211,T193387,1443,0.7183,p3@CDC37L1,55664,17179,,CDC37L1,"cell division cycle 37 like 1","gene with protein product"
212,T066775,1445,0.7178,p4@MYL12A,10627,16701,Q53X45,MYL12A,"myosin light chain 12A","gene with protein product"
213,T165676,1441,0.7173,p2@APOBEC2,10930,605,B4DUL0,APOBEC2,"apolipoprotein B mRNA editing enzyme catalytic subunit 2","gene with protein product"
214,T023900,1432,0.7135,p22@C12orf39,80763,28139,Q9BT56,SPX,"spexin hormone","gene with protein product"
215,T156088,1431,0.7134,p5@CMYA5,202333,14305,Q8N3K9,CMYA5,"cardiomyopathy associated 5","gene with protein product"
216,T066736,1435,0.7129,p3@MYOM1,8736,7613,"P52179,A8MX12",MYOM1,"myomesin 1","gene with protein product"
217,T160624,1428,0.7115,p15@PLEKHG1,57480,20884,,PLEKHG1,"pleckstrin homology and RhoGEF domain containing G1","gene with protein product"
218,T055576,1427,0.7107,p9@MYO1C,4641,7597,O00159,MYO1C,"myosin IC","gene with protein product"
219,T147025,1428,0.7090,p6@PDLIM5,10611,17468,,PDLIM5,"PDZ and LIM domain 5","gene with protein product"
220,T201576,1423,0.7090,p3@TNMD,64102,17757,,TNMD,tenomodulin,"gene with protein product"
221,T037157,1422,0.7085,p18@MYH7,4625,7577,Q2XUS2,MYH7,"myosin heavy chain 7","gene with protein product"
222,T198810,1418,0.7083,p15@SH3KBP1,30011,13867,,SH3KBP1,"SH3 domain containing kinase binding protein 1","gene with protein product"
223,T140123,1420,0.7065,p1@RNF150,57484,23138,Q9ULK6,RNF150,"ring finger protein 150","gene with protein product"
224,T199313,1419,0.7056,p38@DMD,1756,2928,,DMD,dystrophin,"gene with protein product"
225,T160719,1412,0.7046,p9@C6orf97,80129,21177,,CCDC170,"coiled-coil domain containing 170","gene with protein product"
226,T024723,1416,0.7045,p13@PKP2,5318,9024,,PKP2,"plakophilin 2","gene with protein product"
227,T053863,1409,0.7003,p19@RBFOX1,54715,18222,"Q9NWB1,F8WAC5",RBFOX1,"RNA binding protein, fox-1 homolog 1","gene with protein product"
228,T149194,1400,0.6979,p1@NPY6R,4888,7959,,NPY6R,"neuropeptide Y receptor Y6 (pseudogene)",pseudogene
229,T116721,1398,0.6962,p6@SDPR,8436,10690,O95810,SDPR,"serum deprivation response","gene with protein product"
230,T192379,1393,0.6941,p3@VLDLR,7436,12698,Q8NAN7,VLDLR,"very low density lipoprotein receptor","gene with protein product"
231,T153291,1399,0.6936,p2@LRRC14B,389257,37268,,LRRC14B,"leucine rich repeat containing 14B","gene with protein product"
232,T145147,1395,0.6933,p1@ENAM,10117,3344,,ENAM,enamelin,"gene with protein product"
233,T051645,1382,0.6896,p7@MYLK3,91807,29826,B7Z5U8,MYLK3,"myosin light chain kinase 3","gene with protein product"
234,T121650,1377,0.6868,p3@TRIM54,57159,16008,Q9BYV2,TRIM54,"tripartite motif containing 54","gene with protein product"
235,T085422,1380,0.6859,p5@SLC19A2,10560,10938,Q5TIE1,SLC19A2,"solute carrier family 19 member 2","gene with protein product"
236,T166488,1377,0.6854,p2@GPR116,221395,19030,"Q8IZF2,E9PBS6",ADGRF5,"adhesion G protein-coupled receptor F5","gene with protein product"
237,T170391,1372,0.6843,p1@LMOD2,442721,6648,"E7ESJ1,E7ESP7,C9J8F4",LMOD2,"leiomodin 2","gene with protein product"
238,T037168,1377,0.6841,p11@MYH7,4625,7577,P12883,MYH7,"myosin heavy chain 7","gene with protein product"
239,T031645,1374,0.6839,p9@ADPRHL1,113622,21303,Q8NDY3,ADPRHL1,"ADP-ribosylhydrolase like 1","gene with protein product"
240,T007618,1370,0.6833,p3@FAM190B,54462,29197,B4DFY4,CCSER2,"coiled-coil serine rich protein 2","gene with protein product"
241,T055577,1367,0.6818,p8@MYO1C,4641,7597,O00159,MYO1C,"myosin IC","gene with protein product"
242,T194918,1367,0.6811,p7@ECM2,1842,3154,"O94769,Q5T9F3",ECM2,"extracellular matrix protein 2","gene with protein product"
243,T169859,1368,0.6803,p2@PPP1R3A,5506,9291,Q16821,PPP1R3A,"protein phosphatase 1 regulatory subunit 3A","gene with protein product"
244,T020804,1368,0.6799,p6@ACACB,32,85,F5H5C3,ACACB,"acetyl-CoA carboxylase beta","gene with protein product"
245,T197434,1363,0.6784,p53@FHL1,2273,3702,Q53FI7,FHL1,"four and a half LIM domains 1","gene with protein product"
246,T009910,1364,0.6783,p1@ZBTB16,7704,12930,"F5H6C3,Q05516,Q71UL7",ZBTB16,"zinc finger and BTB domain containing 16","gene with protein product"
247,T141627,1365,0.6774,p5@PALLD,23022,17068,"Q8WX93,B7ZMM5,B2RTX2",PALLD,"palladin, cytoskeletal associated protein","gene with protein product"
248,T062664,1362,0.6773,p2@ACADVL,37,92,P49748,ACADVL,"acyl-CoA dehydrogenase, very long chain","gene with protein product"
249,T144684,1360,0.6743,p1@TECRL,253017,27365,D6RBZ3,TECRL,"trans-2,3-enoyl-CoA reductase-like","gene with protein product"
250,T154159,1353,0.6738,p4@GHR,2690,4263,P10912,GHR,"growth hormone receptor","gene with protein product"
251,T087701,1351,0.6731,p18@TNNT2,7139,11949,,TNNT2,"troponin T2, cardiac type","gene with protein product"
252,T182708,1348,0.6723,p5@MTUS1,57509,29789,,MTUS1,"microtubule associated tumor suppressor 1","gene with protein product"
253,T005085,1345,0.6708,p5@C10orf71,118461,26973,Q9BQV1,C10orf71,"chromosome 10 open reading frame 71","gene with protein product"
254,T189828,1348,0.6703,p12@SH2D3C,10044,16884,,SH2D3C,"SH2 domain containing 3C","gene with protein product"
255,T062740,1344,0.6697,p1@SLC2A4,6517,11009,"P14672,Q05BQ3",SLC2A4,"solute carrier family 2 member 4","gene with protein product"
256,T154161,1338,0.6657,p5@GHR,2690,4263,P10912,GHR,"growth hormone receptor","gene with protein product"
257,T197528,1335,0.6655,p9@ARHGEF6,9459,685,"F5H8B2,Q15052,Q8N4Q3",ARHGEF6,"Rac/Cdc42 guanine nucleotide exchange factor 6","gene with protein product"
258,T019018,1335,0.6645,p8@RAB30,27314,9770,E9PRX0,RAB30,"RAB30, member RAS oncogene family","gene with protein product"
259,T189246,1336,0.6630,p4@DAB2IP,153090,17294,"G3XA90,F6R503,Q5VWQ8",DAB2IP,"DAB2 interacting protein","gene with protein product"
260,T077002,1329,0.6619,p1@MYH14,79784,23212,"F2Z2S7,F2Z2U9,F2Z2U8,B3KWH4,Q7Z406,A1L2Z2",MYH14,"myosin heavy chain 14","gene with protein product"
261,T006102,1329,0.6605,p5@MYPN,84665,23246,,MYPN,myopalladin,"gene with protein product"
262,T144829,1327,0.6605,p4@KIAA0232,9778,28992,,KIAA0232,KIAA0232,"gene with protein product"
263,T201575,1328,0.6604,p2@TNMD,64102,17757,,TNMD,tenomodulin,"gene with protein product"
264,T139311,1329,0.6586,p2@MYOZ2,51778,1330,Q9NPC6,MYOZ2,"myozenin 2","gene with protein product"
265,T188357,1321,0.6585,"p4@AKAP2,p4@PALM2-AKAP2","11217,445815","33529,372",,PALM2-AKAP2,"PALM2-AKAP2 readthrough",readthrough
266,T037121,1322,0.6584,p32@MYH7,4625,7577,,MYH7,"myosin heavy chain 7","gene with protein product"
267,T026796,1326,0.6574,p1@PPP1R1A,5502,9286,"Q13522,E7ENB4",PPP1R1A,"protein phosphatase 1 regulatory inhibitor subunit 1A","gene with protein product"
268,T119761,1319,0.6562,p3@SLC19A3,80704,16266,C9IZI1,SLC19A3,"solute carrier family 19 member 3","gene with protein product"
269,T182956,1314,0.6557,p3@MYOM2,9172,7614,E7EWH9,MYOM2,"myomesin 2","gene with protein product"
270,T145715,1315,0.6555,p1@ART3,419,725,Q13508,ART3,"ADP-ribosyltransferase 3","gene with protein product"
271,T051241,1317,0.6552,p2@COX6A2,1339,2279,Q02221,COX6A2,"cytochrome c oxidase subunit 6A2","gene with protein product"
272,T037152,1316,0.6541,p4@MYH7,4625,7577,Q2XUS2,MYH7,"myosin heavy chain 7","gene with protein product"
273,T084705,1312,0.6540,p7@NIT1,4817,7828,,NIT1,"nitrilase 1","gene with protein product"
274,T015232,1312,0.6537,p2@GLYAT,10249,13734,Q6IB77,GLYAT,glycine-N-acyltransferase,"gene with protein product"
275,T115916,1312,0.6531,p44@TTN,7273,12403,,TTN,titin,"gene with protein product"
276,T189198,1309,0.6529,p2@GSN,2934,4620,"P06396,Q5T0I2",GSN,gelsolin,"gene with protein product"
277,T136190,1310,0.6527,p4@TNNC1,7134,11943,,TNNC1,"troponin C1, slow skeletal and cardiac type","gene with protein product"
278,T177571,1309,0.6516,p13@CD36,948,1663,"E7EWI4,P16671,A4D1B1",CD36,"CD36 molecule","gene with protein product"
279,T113797,1307,0.6502,p1@ACVR1C,130399,18123,Q8NER5,ACVR1C,"activin A receptor type 1C","gene with protein product"
280,T084704,1305,0.6480,p9@NIT1,4817,7828,,NIT1,"nitrilase 1","gene with protein product"
281,T037696,1301,0.6479,p14@AKAP6,9472,376,G3V569,AKAP6,"A-kinase anchoring protein 6","gene with protein product"
282,T011548,1293,0.6446,p23@TEAD1,7003,11714,P28347,TEAD1,"TEA domain transcription factor 1","gene with protein product"
283,T066733,1294,0.6444,p1@MYOM1,8736,7613,"P52179,A8MX12",MYOM1,"myomesin 1","gene with protein product"
284,T183347,1294,0.6444,p2@PEBP4,157310,28319,Q96S96,PEBP4,"phosphatidylethanolamine binding protein 4","gene with protein product"
285,T087904,1287,0.6425,p1@PPP1R12B,4660,7619,"F8W8M3,O60237,Q2TAI8",PPP1R12B,"protein phosphatase 1 regulatory subunit 12B","gene with protein product"
286,T156089,1288,0.6424,p4@CMYA5,202333,14305,,CMYA5,"cardiomyopathy associated 5","gene with protein product"
287,T023582,1288,0.6411,p11@MGST1,4257,7061,,MGST1,"microsomal glutathione S-transferase 1","gene with protein product"
288,T051646,1285,0.6406,p4@MYLK3,91807,29826,B7Z5U8,MYLK3,"myosin light chain kinase 3","gene with protein product"
289,T153333,1283,0.6405,p1@SDHA,6389,10680,"D6REB7,E9PBJ5",SDHA,"succinate dehydrogenase complex flavoprotein subunit A","gene with protein product"
290,T044881,1284,0.6404,p2@MYZAP,100820829,43444,,MYZAP,"myocardial zonula adherens protein","gene with protein product"
291,T140567,1285,0.6390,p7@PET112,5188,8849,,GATB,"glutamyl-tRNA amidotransferase subunit B","gene with protein product"
292,T185985,1283,0.6383,p1@ADHFE1,137872,16354,"F2Z3E5,B4DV11,Q8IWW8,F2Z3D8,B4DFI7,F2Z2N0",ADHFE1,"alcohol dehydrogenase, iron containing 1","gene with protein product"
293,T166381,1282,0.6381,p6@CLIC5,53405,13517,Q8NBY3,CLIC5,"chloride intracellular channel 5","gene with protein product"
294,T039621,1280,0.6365,p7@RAB15,376267,20150,,RAB15,"RAB15, member RAS oncogene family","gene with protein product"
295,T120321,1278,0.6365,p3@DGKD,8527,2851,,DGKD,"diacylglycerol kinase delta","gene with protein product"
296,T149193,1277,0.6356,p3@NPY6R,4888,7959,,NPY6R,"neuropeptide Y receptor Y6 (pseudogene)",pseudogene
297,T179916,1278,0.6355,p5@FDFT1,2222,3629,,FDFT1,"farnesyl-diphosphate farnesyltransferase 1","gene with protein product"
298,T192372,1272,0.6338,p2@VLDLR,7436,12698,"P98155,Q5VVF5,A8K0G2",VLDLR,"very low density lipoprotein receptor","gene with protein product"
299,T185901,1266,0.6317,p14@PDE7A,5150,8791,Q13946,PDE7A,"phosphodiesterase 7A","gene with protein product"
300,T140597,1268,0.6315,p8@FBXW7,55294,16712,Q969H0,FBXW7,"F-box and WD repeat domain containing 7","gene with protein product"
301,T092688,1266,0.6308,p3@CEP85,64793,25309,,CEP85,"centrosomal protein 85","gene with protein product"
302,T115427,1267,0.6307,p96@TTN,7273,12403,,TTN,titin,"gene with protein product"
303,T197419,1255,0.6262,p11@FHL1,2273,3702,F5GWR5,FHL1,"four and a half LIM domains 1","gene with protein product"
304,T169860,1252,0.6232,p3@PPP1R3A,5506,9291,Q16821,PPP1R3A,"protein phosphatase 1 regulatory subunit 3A","gene with protein product"
305,T192376,1248,0.6224,p4@VLDLR,7436,12698,"P98155,Q5VVF5,A8K0G2",VLDLR,"very low density lipoprotein receptor","gene with protein product"
306,T021042,1245,0.6216,p4@MYL2,4633,7583,,MYL2,"myosin light chain 2","gene with protein product"
307,T107262,1249,0.6208,p1@MYO18B,84700,18150,"Q8IUG5,F5GYU7",MYO18B,"myosin XVIIIB","gene with protein product"
308,T144687,1245,0.6203,p7@TECRL,253017,27365,E9PD39,TECRL,"trans-2,3-enoyl-CoA reductase-like","gene with protein product"
309,T135035,1242,0.6201,p1@FYCO1,79443,14673,Q9BQS8,FYCO1,"FYVE and coiled-coil domain containing 1","gene with protein product"
310,T192375,1245,0.6197,p1@VLDLR,7436,12698,"P98155,Q5VVF5,A8K0G2",VLDLR,"very low density lipoprotein receptor","gene with protein product"
311,T199312,1240,0.6175,p15@DMD,1756,2928,,DMD,dystrophin,"gene with protein product"
312,T004006,1237,0.6170,p12@SVIL,6840,11480,,SVIL,supervillin,"gene with protein product"
313,T012436,1239,0.6167,p2@SAA1,6288,10513,"P02735,E9PQD6",SAA1,"serum amyloid A1","gene with protein product"
314,T031561,1232,0.6129,p2@MCF2L,23263,14576,O15068,MCF2L,"MCF.2 cell line derived transforming sequence like","gene with protein product"
315,T087909,1228,0.6116,p5@PPP1R12B,4660,7619,Q6GQY8,PPP1R12B,"protein phosphatase 1 regulatory subunit 12B","gene with protein product"
316,T080939,1229,0.6114,p6@CASQ2,845,1513,,CASQ2,"calsequestrin 2","gene with protein product"
317,T097157,1228,0.6109,p39@RERE,473,9965,,RERE,"arginine-glutamic acid dipeptide repeats","gene with protein product"
318,T115952,1228,0.6103,p1@TTN,7273,12403,"E7ET18,A6NKB1,E7EQE6,Q8WZ42,E9PPD3",TTN,titin,"gene with protein product"
319,T153499,1222,0.6098,p3@PDZD2,23037,18486,,PDZD2,"PDZ domain containing 2","gene with protein product"
320,T024727,1221,0.6090,p9@PKP2,5318,9024,,PKP2,"plakophilin 2","gene with protein product"
321,T037169,1225,0.6088,p2@MYH7,4625,7577,P12883,MYH7,"myosin heavy chain 7","gene with protein product"
322,T129828,1222,0.6086,p5@PCOLCE2,26577,8739,,PCOLCE2,"procollagen C-endopeptidase enhancer 2","gene with protein product"
323,T137134,1219,0.6068,p1@LMOD3,56203,6649,Q0VAK6,LMOD3,"leiomodin 3","gene with protein product"
324,T037187,1216,0.6065,p17@MYH7,4625,7577,Q59EV3,MYH7,"myosin heavy chain 7","gene with protein product"
325,T115914,1207,0.6014,p41@TTN,7273,12403,,TTN,titin,"gene with protein product"
326,T177550,1208,0.6010,p8@CD36,948,1663,,CD36,"CD36 molecule","gene with protein product"
327,T012177,1206,0.6009,p4@SOX6,55553,16421,,SOX6,"SRY-box 6","gene with protein product"
328,T187236,1205,0.6001,p3@TMEM67,91147,28396,,TMEM67,"transmembrane protein 67","gene with protein product"
329,T070122,1202,0.5986,p2@HOOK2,29911,19885,,HOOK2,"hook microtubule tethering protein 2","gene with protein product"
330,T124910,1199,0.5980,p8@RNF144A,9781,20457,C9JLH4,RNF144A,"ring finger protein 144A","gene with protein product"
331,T070813,1199,0.5974,p4@ADAMTSL5,339366,27912,"Q6ZMM2,Q0VD77",ADAMTSL5,"ADAMTS like 5","gene with protein product"
332,T016209,1199,0.5974,p6@PLA2G16,11145,17825,,PLA2G16,"phospholipase A2 group XVI","gene with protein product"
333,T087905,1198,0.5969,p10@PPP1R12B,4660,7619,Q6GQY8,PPP1R12B,"protein phosphatase 1 regulatory subunit 12B","gene with protein product"
334,T152415,1197,0.5961,p8@BOD1,91272,25114,Q96IK1,BOD1,"biorientation of chromosomes in cell division 1","gene with protein product"
335,T051240,1195,0.5928,p1@COX6A2,1339,2279,Q02221,COX6A2,"cytochrome c oxidase subunit 6A2","gene with protein product"
336,T172444,1193,0.5915,p3@ATP6V0E2,155066,21723,"Q7Z4R7,E9PAS2,Q8NHE4",ATP6V0E2,"ATPase H+ transporting V0 subunit e2","gene with protein product"
337,T001352,1188,0.5910,p6@ABLIM1,3983,78,"A6NKJ2,F8W8M4,B3KSG3,B3KVH2,O14639",ABLIM1,"actin binding LIM protein 1","gene with protein product"
338,T047660,1183,0.5891,p4@PLIN1,5346,9076,O60240,PLIN1,"perilipin 1","gene with protein product"
339,T170583,1184,0.5888,p1@LEP,3952,6553,"P41159,A4D0Y8",LEP,leptin,"gene with protein product"
340,T129830,1184,0.5885,p8@PCOLCE2,26577,8739,,PCOLCE2,"procollagen C-endopeptidase enhancer 2","gene with protein product"
341,T177551,1177,0.5876,p6@CD36,948,1663,,CD36,"CD36 molecule","gene with protein product"
342,T065468,1177,0.5867,p3@ARHGEF15,22899,15590,O94989,ARHGEF15,"Rho guanine nucleotide exchange factor 15","gene with protein product"
343,T198811,1178,0.5864,p38@SH3KBP1,30011,13867,,SH3KBP1,"SH3 domain containing kinase binding protein 1","gene with protein product"
344,T020928,1177,0.5862,p1@ATP2A2,488,812,P16615,ATP2A2,"ATPase sarcoplasmic/endoplasmic reticulum Ca2+ transporting 2","gene with protein product"
345,T045436,1173,0.5827,p1@DAPK2,23604,2675,,DAPK2,"death associated protein kinase 2","gene with protein product"
346,T124204,1161,0.5788,p2@MDH1,4190,6970,C9JLV6,MDH1,"malate dehydrogenase 1","gene with protein product"
347,T004836,1160,0.5783,p2@C10orf10,11067,23355,,C10orf10,"chromosome 10 open reading frame 10","gene with protein product"
348,T194329,1157,0.5776,p2@FRMD3,257019,24125,A2A2Y4,FRMD3,"FERM domain containing 3","gene with protein product"
349,T139308,1155,0.5763,p3@MYOZ2,51778,1330,Q9NPC6,MYOZ2,"myozenin 2","gene with protein product"
350,T124220,1158,0.5761,p6@UGP2,7360,12527,,UGP2,"UDP-glucose pyrophosphorylase 2","gene with protein product"
351,T031646,1154,0.5753,p3@ADPRHL1,113622,21303,Q8NDY3,ADPRHL1,"ADP-ribosylhydrolase like 1","gene with protein product"
352,T106505,1154,0.5736,p4@TUBA8,51807,12410,"B3KPW9,Q9NY65",TUBA8,"tubulin alpha 8","gene with protein product"
353,T150431,1152,0.5734,p5@ABLIM3,22885,29132,O94929,ABLIM3,"actin binding LIM protein family member 3","gene with protein product"
354,T178557,1150,0.5730,p1@PDK4,5166,8812,"Q16654,B3KU25,A4D1H4",PDK4,"pyruvate dehydrogenase kinase 4","gene with protein product"
355,T199130,1152,0.5728,p12@GYG2,8908,4700,,GYG2,"glycogenin 2","gene with protein product"
356,T162233,1144,0.5706,p2@RBM24,221662,21539,Q9BX46,RBM24,"RNA binding motif protein 24","gene with protein product"
357,T183080,1143,0.5681,p2@EPB49,2039,3382,E5RFK6,DMTN,"dematin actin binding protein","gene with protein product"
358,T007663,1141,0.5679,p5@LDB3,11155,15710,,LDB3,"LIM domain binding 3","gene with protein product"
359,T037122,1139,0.5661,p24@MYH7,4625,7577,,MYH7,"myosin heavy chain 7","gene with protein product"
360,T182299,1137,0.5654,p89@PLEC,5339,9069,Q15149,PLEC,plectin,"gene with protein product"
361,T100048,1134,0.5647,p9@MYH7B,57644,15906,,MYH7B,"myosin heavy chain 7B","gene with protein product"
362,T073048,1131,0.5644,p4@FXYD1,5348,4025,O00168,FXYD1,"FXYD domain containing ion transport regulator 1","gene with protein product"
363,T050755,1135,0.5641,p13@ALDOA,226,414,P04075,ALDOA,"aldolase, fructose-bisphosphate A","gene with protein product"
364,T007658,1133,0.5640,p3@LDB3,11155,15710,B4E3K3,LDB3,"LIM domain binding 3","gene with protein product"
365,T148485,1127,0.5615,p4@FNIP1,96459,29418,B3KX44,FNIP1,"folliculin interacting protein 1","gene with protein product"
366,T139310,1128,0.5615,p1@MYOZ2,51778,1330,Q9NPC6,MYOZ2,"myozenin 2","gene with protein product"
367,T147020,1124,0.5589,p1@PDLIM5,10611,17468,"E9PBF5,D6RAA1,F5H7Y0",PDLIM5,"PDZ and LIM domain 5","gene with protein product"
368,T005763,1119,0.5578,p8@ARID5B,84159,17362,Q14865,ARID5B,"AT-rich interaction domain 5B","gene with protein product"
369,T134695,1111,0.5541,p1@TRAK1,22906,29947,,TRAK1,"trafficking kinesin protein 1","gene with protein product"
370,T176470,1108,0.5537,p1@PHKG1,5260,8930,"F8WD25,C9J2Q6,C9JME8,F5H2S1,B7Z5U3",PHKG1,"phosphorylase kinase catalytic subunit gamma 1","gene with protein product"
371,T060508,1110,0.5528,p6@ENO3,2027,3354,,ENO3,"enolase 3","gene with protein product"
372,T032473,1103,0.5501,p12@HMGB1,3146,4983,P09429,HMGB1,"high mobility group box 1","gene with protein product"
373,T139054,1103,0.5496,p32@ANK2,287,493,,ANK2,"ankyrin 2","gene with protein product"
374,T065827,1104,0.5495,p2@CIDEA,1149,1976,"O60543,Q8N5P9",CIDEA,"cell death-inducing DFFA-like effector a","gene with protein product"
375,T115342,1103,0.5488,p9@TTN,7273,12403,Q8WZ42,TTN,titin,"gene with protein product"
376,T005081,1102,0.5480,p1@C10orf71,118461,26973,Q711Q0,C10orf71,"chromosome 10 open reading frame 71","gene with protein product"
377,T032017,1098,0.5463,p1@SGCG,6445,10809,,SGCG,"sarcoglycan gamma","gene with protein product"
378,T201573,1093,0.5438,p4@TNMD,64102,17757,,TNMD,tenomodulin,"gene with protein product"
379,T004510,1092,0.5430,p21@KLF6,1316,2235,,KLF6,"Kruppel like factor 6","gene with protein product"
380,T166380,1089,0.5413,p3@CLIC5,53405,13517,Q8NBY3,CLIC5,"chloride intracellular channel 5","gene with protein product"
381,T053004,1085,0.5393,p5@NOL3,8996,7869,,NOL3,"nucleolar protein 3","gene with protein product"
382,T100046,1081,0.5386,p6@MYH7B,57644,15906,,MYH7B,"myosin heavy chain 7B","gene with protein product"
383,T115340,1076,0.5367,p147@TTN,7273,12403,Q8WZ42,TTN,titin,"gene with protein product"
384,T185695,1077,0.5361,p3@ASPH,444,757,"E5RHK2,B4DIC9",ASPH,"aspartate beta-hydroxylase","gene with protein product"
385,T154157,1070,0.5342,p1@GHR,2690,4263,P10912,GHR,"growth hormone receptor","gene with protein product"
386,T170224,1070,0.5331,p2@C7orf58,79974,26159,A4D0V7,CPED1,"cadherin like and PC-esterase domain containing 1","gene with protein product"
387,T066734,1071,0.5326,p2@MYOM1,8736,7613,"P52179,A8MX12",MYOM1,"myomesin 1","gene with protein product"
388,T073047,1067,0.5319,p6@FXYD1,5348,4025,O00168,FXYD1,"FXYD domain containing ion transport regulator 1","gene with protein product"
389,T097144,1069,0.5313,p5@RERE,473,9965,Q9P2R6,RERE,"arginine-glutamic acid dipeptide repeats","gene with protein product"
390,T073890,1065,0.5309,p1@ITGB1BP3,27231,17871,Q9NPI5,NMRK2,"nicotinamide riboside kinase 2","gene with protein product"
391,T009642,1064,0.5307,p3@SIK2,23235,21680,Q9H0K1,SIK2,"salt inducible kinase 2","gene with protein product"
392,T136196,1065,0.5304,p7@TNNC1,7134,11943,C9JDI3,TNNC1,"troponin C1, slow skeletal and cardiac type","gene with protein product"
393,T162234,1065,0.5304,p1@RBM24,221662,21539,Q9BX46,RBM24,"RNA binding motif protein 24","gene with protein product"
394,T121769,1064,0.5296,p5@MRPL33,9553,14487,,MRPL33,"mitochondrial ribosomal protein L33","gene with protein product"
395,T149192,1062,0.5294,p2@NPY6R,4888,7959,,NPY6R,"neuropeptide Y receptor Y6 (pseudogene)",pseudogene
396,T198809,1058,0.5272,p34@SH3KBP1,30011,13867,,SH3KBP1,"SH3 domain containing kinase binding protein 1","gene with protein product"
397,T131104,1058,0.5269,p7@SCHIP1,29970,15678,,SCHIP1,"schwannomin interacting protein 1","gene with protein product"
398,T156950,1057,0.5264,p11@CAST,831,1515,E7EQK6,CAST,calpastatin,"gene with protein product"
399,T097753,1053,0.5249,p1@C1orf170,84808,28208,,PERM1,"PPARGC1 and ESRR induced regulator, muscle 1","gene with protein product"
400,T060246,1054,0.5241,p1@PDK2,5164,8810,,PDK2,"pyruvate dehydrogenase kinase 2","gene with protein product"
401,T026873,1047,0.5214,p1@ITGA7,3679,6143,"Q13683,Q4LE35",ITGA7,"integrin subunit alpha 7","gene with protein product"
402,T051242,1044,0.5207,p3@COX6A2,1339,2279,Q02221,COX6A2,"cytochrome c oxidase subunit 6A2","gene with protein product"
403,T037171,1043,0.5181,p21@MYH7,4625,7577,P12883,MYH7,"myosin heavy chain 7","gene with protein product"
404,T136194,1032,0.5147,p6@TNNC1,7134,11943,,TNNC1,"troponin C1, slow skeletal and cardiac type","gene with protein product"
405,T175693,1031,0.5117,p3@OGDH,4967,8124,E9PFG7,OGDH,"oxoglutarate dehydrogenase","gene with protein product"
406,T024724,1025,0.5102,p6@PKP2,5318,9024,,PKP2,"plakophilin 2","gene with protein product"
407,T012737,1024,0.5095,p4@NAV2-AS2,,40743,,NAV2-AS2,"NAV2 antisense RNA 2","RNA, long non-coding"
408,T199134,1021,0.5087,p8@GYG2,8908,4700,"O15488,Q1ZYL7,B3KUV6",GYG2,"glycogenin 2","gene with protein product"
409,T158591,1023,0.5087,p3@TRDN,10345,12261,F5H6E3,TRDN,triadin,"gene with protein product"
410,T150742,1020,0.5077,p21@SYNPO,11346,30672,Q8N3V7,SYNPO,synaptopodin,"gene with protein product"
411,T115432,1017,0.5062,p32@TTN,7273,12403,,TTN,titin,"gene with protein product"
412,T081303,1015,0.5060,p1@MFN2,9927,16877,,MFN2,"mitofusin 2","gene with protein product"
413,T004005,1017,0.5060,p9@SVIL,6840,11480,,SVIL,supervillin,"gene with protein product"
414,T025483,1015,0.5055,p1@ADCY6,112,237,O43306,ADCY6,"adenylate cyclase 6","gene with protein product"
415,T037200,1013,0.5040,p13@MYH7,4625,7577,A5YM51,MYH7,"myosin heavy chain 7","gene with protein product"
416,T199314,1008,0.5015,p7@DMD,1756,2928,P11532,DMD,dystrophin,"gene with protein product"
417,T179917,1004,0.5007,p2@FDFT1,2222,3629,,FDFT1,"farnesyl-diphosphate farnesyltransferase 1","gene with protein product"
418,T032285,1005,0.5005,p1@PRHOXNB,646625,17785,A6NGE7,URAD,"ureidoimidazoline (2-oxo-4-hydroxy-4-carboxy-5-) decarboxylase","gene with protein product"
419,T027520,1005,0.5002,p1@SLC26A10,65012,14470,E9PIH7,SLC26A10,"solute carrier family 26 member 10","gene with protein product"
420,T129506,1004,0.4998,p2@MRAS,22808,7227,"O14807,Q6FGP0",MRAS,"muscle RAS oncogene homolog","gene with protein product"
421,T037154,999,0.4980,p5@MYH7,4625,7577,Q2XUS2,MYH7,"myosin heavy chain 7","gene with protein product"
422,T178544,998,0.4980,p12@PDK4,5166,8812,,PDK4,"pyruvate dehydrogenase kinase 4","gene with protein product"
423,T023946,1000,0.4978,p2@ABCC9,10060,60,G3V1N6,ABCC9,"ATP binding cassette subfamily C member 9","gene with protein product"
424,T093335,1000,0.4973,p2@FABP3,2170,3557,,FABP3,"fatty acid binding protein 3","gene with protein product"
425,T151465,1000,0.4970,p15@EBF1,1879,3126,,EBF1,"early B-cell factor 1","gene with protein product"
426,T185149,999,0.4968,p1@PXDNL,137902,26359,A1KZ92,PXDNL,"peroxidasin like","gene with protein product"
427,T172746,994,0.4958,p2@ASB10,136371,17185,F8WB38,ASB10,"ankyrin repeat and SOCS box containing 10","gene with protein product"
428,T115852,993,0.4955,p20@TTN,7273,12403,,TTN,titin,"gene with protein product"
429,T009706,993,0.4953,p25@CRYAB,1410,2389,,CRYAB,"crystallin alpha B","gene with protein product"
430,T043412,992,0.4945,p5@C15orf52,388115,33488,,C15orf52,"chromosome 15 open reading frame 52","gene with protein product"
431,T137633,992,0.4935,p4@LMCD1,29995,6633,F8WB09,LMCD1,"LIM and cysteine rich domains 1","gene with protein product"
432,T014652,991,0.4935,p1@MYBPC3,4607,7551,"Q14896,A8MXZ9,F5GZR4,A5PL00,A5YM48",MYBPC3,"myosin binding protein C, cardiac","gene with protein product"
433,T170222,985,0.4920,p1@C7orf58,79974,26159,A4D0V7,CPED1,"cadherin like and PC-esterase domain containing 1","gene with protein product"
434,T087908,987,0.4918,p31@PPP1R12B,4660,7619,Q6GQY8,PPP1R12B,"protein phosphatase 1 regulatory subunit 12B","gene with protein product"
435,T053277,987,0.4910,p2@SLC7A6,9057,11064,E7EPZ8,SLC7A6,"solute carrier family 7 member 6","gene with protein product"
436,T080944,984,0.4900,p2@CASQ2,845,1513,B4DIB0,CASQ2,"calsequestrin 2","gene with protein product"
437,T159871,983,0.4883,p1@TXLNB,167838,21617,Q8N3L3,TXLNB,"taxilin beta","gene with protein product"
438,T037202,977,0.4868,p6@MYH7,4625,7577,A5YM51,MYH7,"myosin heavy chain 7","gene with protein product"
439,T005084,977,0.4861,p6@C10orf71,118461,26973,Q9BQV1,C10orf71,"chromosome 10 open reading frame 71","gene with protein product"
440,T004671,975,0.4856,p12@DIP2C,22982,29150,,DIP2C,"disco interacting protein 2 homolog C","gene with protein product"
441,T001405,973,0.4853,p4@ECHDC3,79746,23489,Q5W0J8,ECHDC3,"enoyl-CoA hydratase domain containing 3","gene with protein product"
442,T006101,972,0.4845,p1@MYPN,84665,23246,Q86TC9,MYPN,myopalladin,"gene with protein product"
443,T013094,970,0.4826,p10@C11orf21,29125,13231,,C11orf21,"chromosome 11 open reading frame 21","gene with protein product"
444,T037201,967,0.4813,p14@MYH7,4625,7577,A5YM51,MYH7,"myosin heavy chain 7","gene with protein product"
445,T117975,966,0.4813,p1@ACADL,33,88,,ACADL,"acyl-CoA dehydrogenase, long chain","gene with protein product"
446,T122259,965,0.4808,p12@RASGRP3,25780,14545,C9K0P4,RASGRP3,"RAS guanyl releasing protein 3","gene with protein product"
447,T199674,965,0.4803,p2@MAOB,4129,6834,P27338,MAOB,"monoamine oxidase B","gene with protein product"
448,T096828,962,0.4798,p13@NEXN,91624,29557,Q0ZGT2,NEXN,"nexilin F-actin binding protein","gene with protein product"
449,T146843,964,0.4794,p1@FAM13A,10144,19367,D6RIY4,FAM13A,"family with sequence similarity 13 member A","gene with protein product"
450,T023948,958,0.4776,p3@ABCC9,10060,60,G3V1N6,ABCC9,"ATP binding cassette subfamily C member 9","gene with protein product"
451,T115850,957,0.4768,p14@TTN,7273,12403,,TTN,titin,"gene with protein product"
452,T004837,957,0.4759,p1@C10orf10,11067,23355,"Q9NTK1,E7EN30",C10orf10,"chromosome 10 open reading frame 10","gene with protein product"
453,T090548,954,0.4758,p2@ADCK3,56997,16812,"Q5T7A2,Q8NI60",COQ8A,"coenzyme Q8A","gene with protein product"
454,T182298,954,0.4751,p14@PLEC,5339,9069,Q15149,PLEC,plectin,"gene with protein product"
455,T135194,952,0.4748,p1@LRRC2,79442,14676,,LRRC2,"leucine rich repeat containing 2","gene with protein product"
456,T037204,949,0.4736,p8@MYH7,4625,7577,A5YM51,MYH7,"myosin heavy chain 7","gene with protein product"
457,T113795,949,0.4726,p4@ACVR1C,130399,18123,,ACVR1C,"activin A receptor type 1C","gene with protein product"
458,T140596,950,0.4722,p9@FBXW7,55294,16712,Q969H0,FBXW7,"F-box and WD repeat domain containing 7","gene with protein product"
459,T189957,949,0.4714,p3@SLC25A25,114789,20663,F8WEY9,SLC25A25,"solute carrier family 25 member 25","gene with protein product"
460,T010604,945,0.4711,p4@MCAM,4162,6934,P43121,MCAM,"melanoma cell adhesion molecule","gene with protein product"
461,T001360,944,0.4708,p3@ABLIM1,3983,78,,ABLIM1,"actin binding LIM protein 1","gene with protein product"
462,T157624,942,0.4698,p3@SESN1,27244,21595,Q9Y6P5,SESN1,"sestrin 1","gene with protein product"
463,T001286,944,0.4697,p4@NHLRC2,374354,24731,,NHLRC2,"NHL repeat containing 2","gene with protein product"
464,T141579,941,0.4691,p9@LDB2,9079,6533,O43679,LDB2,"LIM domain binding 2","gene with protein product"
465,T116720,941,0.4686,p5@SDPR,8436,10690,O95810,SDPR,"serum deprivation response","gene with protein product"
466,T194919,938,0.4676,p2@ECM2,1842,3154,"O94769,Q5T9F3",ECM2,"extracellular matrix protein 2","gene with protein product"
467,T074303,935,0.4652,p2@C19orf47,126526,26723,,C19orf47,"chromosome 19 open reading frame 47","gene with protein product"
468,T107796,930,0.4636,p16@SMTN,6525,11126,B5MCI0,SMTN,smoothelin,"gene with protein product"
469,T024726,930,0.4629,p16@PKP2,5318,9024,,PKP2,"plakophilin 2","gene with protein product"
470,T001266,924,0.4615,p1@NRAP,4892,7988,Q86VF7,NRAP,"nebulin related anchoring protein","gene with protein product"
471,T197534,923,0.4603,p3@EGFL6,25975,3235,,EGFL6,"EGF like domain multiple 6","gene with protein product"
472,T037172,921,0.4591,p12@MYH7,4625,7577,Q5GJ54,MYH7,"myosin heavy chain 7","gene with protein product"
473,T106314,920,0.4579,p10@PCNT,5116,16068,,PCNT,pericentrin,"gene with protein product"
474,T123567,914,0.4559,p1@SPTBN1,6711,11275,"B2ZZ89,Q01082",SPTBN1,"spectrin beta, non-erythrocytic 1","gene with protein product"
475,T162241,914,0.4550,p12@RBM24,221662,21539,,RBM24,"RNA binding motif protein 24","gene with protein product"
476,T013635,900,0.4493,p2@HIPK3,10114,4915,E9PKD7,HIPK3,"homeodomain interacting protein kinase 3","gene with protein product"
477,T135219,903,0.4493,p1@MYL3,4634,7584,P08590,MYL3,"myosin light chain 3","gene with protein product"
478,T185899,901,0.4487,p21@PDE7A,5150,8791,Q13946,PDE7A,"phosphodiesterase 7A","gene with protein product"
479,T013332,901,0.4485,p2@CDKN1C,1028,1786,,CDKN1C,"cyclin dependent kinase inhibitor 1C","gene with protein product"
480,T189829,896,0.4453,p7@SH2D3C,10044,16884,,SH2D3C,"SH2 domain containing 3C","gene with protein product"
481,T118882,892,0.4449,p2@GPBAR1,151306,19680,,GPBAR1,"G protein-coupled bile acid receptor 1","gene with protein product"
482,T113798,893,0.4447,p2@ACVR1C,130399,18123,Q8NER5,ACVR1C,"activin A receptor type 1C","gene with protein product"
483,T021422,892,0.4433,p7@TBX5,6910,11604,Q99593,TBX5,"T-box 5","gene with protein product"
484,T167835,891,0.4433,p1@FILIP1,27145,21015,Q7Z7B0,FILIP1,"filamin A interacting protein 1","gene with protein product"
485,T184551,887,0.4413,p12@TACC1,6867,11522,,TACC1,"transforming acidic coiled-coil containing protein 1","gene with protein product"
486,T191715,884,0.4405,p2@PNPLA7,375775,24768,Q6ZV29,PNPLA7,"patatin like phospholipase domain containing 7","gene with protein product"
487,T156999,882,0.4397,p21@LNPEP,4012,6656,,LNPEP,"leucyl and cystinyl aminopeptidase","gene with protein product"
488,T037694,883,0.4393,p6@AKAP6,9472,376,G3V569,AKAP6,"A-kinase anchoring protein 6","gene with protein product"
489,T154310,881,0.4390,p1@NNT,23530,7863,E9PCX7,NNT,"nicotinamide nucleotide transhydrogenase","gene with protein product"
490,T098542,879,0.4377,p1@SEL1L2,80343,15897,,SEL1L2,"SEL1L2 ERAD E3 ligase adaptor subunit","gene with protein product"
491,T033277,876,0.4376,p1@SLC25A30,253512,27371,"Q5SVS4,D6RJI0,E5RIW6,B3KTE8,F5H8H8",SLC25A30,"solute carrier family 25 member 30","gene with protein product"
492,T197435,876,0.4365,p28@FHL1,2273,3702,"Q53FI7,Q13642",FHL1,"four and a half LIM domains 1","gene with protein product"
493,T178552,874,0.4342,p3@PDK4,5166,8812,,PDK4,"pyruvate dehydrogenase kinase 4","gene with protein product"
494,T003248,867,0.4320,p13@CACNB2,783,1402,,CACNB2,"calcium voltage-gated channel auxiliary subunit beta 2","gene with protein product"
495,T140120,862,0.4299,p4@RNF150,57484,23138,Q9ULK6,RNF150,"ring finger protein 150","gene with protein product"
496,T139309,863,0.4298,p4@MYOZ2,51778,1330,Q9NPC6,MYOZ2,"myozenin 2","gene with protein product"
497,T181149,862,0.4297,p23@DLC1,10395,2897,,DLC1,"DLC1 Rho GTPase activating protein","gene with protein product"
498,T087920,863,0.4296,p17@PPP1R12B,4660,7619,O60237,PPP1R12B,"protein phosphatase 1 regulatory subunit 12B","gene with protein product"
499,T091459,857,0.4262,p15@LGALS8,3964,6569,,LGALS8,"galectin 8","gene with protein product"
500,T142607,854,0.4247,p4@SORBS2,8470,24098,,SORBS2,"sorbin and SH3 domain containing 2","gene with protein product"
501,T052340,854,0.4247,p4@MT1M,4499,14296,Q8N339,MT1M,"metallothionein 1M","gene with protein product"
502,T178555,849,0.4222,p8@PDK4,5166,8812,,PDK4,"pyruvate dehydrogenase kinase 4","gene with protein product"
503,T005606,848,0.4217,p66@ANK3,288,494,D6RHY3,ANK3,"ankyrin 3","gene with protein product"
504,T001052,846,0.4211,p1@RBM20,282996,27424,"Q5T481,F5GXH8",RBM20,"RNA binding motif protein 20","gene with protein product"
505,T177960,843,0.4200,p3@STEAP4,79689,21923,Q687X5,STEAP4,"STEAP4 metalloreductase","gene with protein product"
506,T188062,840,0.4185,p2@NIPSNAP3B,55335,23641,F2Z3L7,NIPSNAP3B,"nipsnap homolog 3B","gene with protein product"
507,T037170,842,0.4183,p33@MYH7,4625,7577,P12883,MYH7,"myosin heavy chain 7","gene with protein product"
508,T164396,838,0.4182,p1@NOTCH4,4855,7884,"Q99466,Q6P3V5",NOTCH4,"notch 4","gene with protein product"
509,T192654,839,0.4176,p1@AQP7,"100509620,364",640,B7Z4U2,AQP7,"aquaporin 7","gene with protein product"
510,T153284,836,0.4161,p1@LRRC14B,389257,37268,A6NHZ5,LRRC14B,"leucine rich repeat containing 14B","gene with protein product"
511,T015230,835,0.4154,p3@GLYAT,10249,13734,Q6IB77,GLYAT,glycine-N-acyltransferase,"gene with protein product"
512,T166383,833,0.4144,p2@CLIC5,53405,13517,Q8NBY3,CLIC5,"chloride intracellular channel 5","gene with protein product"
513,T162703,831,0.4141,p5@GPLD1,2822,4459,,GPLD1,"glycosylphosphatidylinositol specific phospholipase D1","gene with protein product"
514,T166875,830,0.4138,p3@COL21A1,81578,17025,,COL21A1,"collagen type XXI alpha 1 chain","gene with protein product"
515,T150102,828,0.4126,p5@SH3RF2,153769,26299,,SH3RF2,"SH3 domain containing ring finger 2","gene with protein product"
516,T194410,824,0.4106,p21@NTRK2,4915,8032,,NTRK2,"neurotrophic receptor tyrosine kinase 2","gene with protein product"
517,T198342,821,0.4093,p2@ASB11,140456,17186,"E9PEN1,Q7Z667,Q7Z670,Q8WXH4",ASB11,"ankyrin repeat and SOCS box containing 11","gene with protein product"
518,T024254,817,0.4059,p1@SSPN,8082,11322,Q14714,SSPN,sarcospan,"gene with protein product"
519,T132937,815,0.4049,p22@TPRG1,285386,24759,C9JDW1,TPRG1,"tumor protein p63 regulated 1","gene with protein product"
520,T038805,812,0.4046,p4@SAMD4A,23034,23023,,SAMD4A,"sterile alpha motif domain containing 4A","gene with protein product"
521,T158790,804,0.4004,p1@KIAA0408,9729,21636,Q6ZU52,KIAA0408,KIAA0408,"gene with protein product"
522,T115781,802,0.4002,p26@TTN,7273,12403,E9PJ99,TTN,titin,"gene with protein product"
523,T198343,802,0.4000,p1@ASB11,140456,17186,"Q7Z667,Q8WXH4",ASB11,"ankyrin repeat and SOCS box containing 11","gene with protein product"
524,T001134,803,0.3997,p3@GPAM,57678,24865,,GPAM,"glycerol-3-phosphate acyltransferase, mitochondrial","gene with protein product"
525,T047661,802,0.3990,p1@PLIN1,5346,9076,O60240,PLIN1,"perilipin 1","gene with protein product"
526,T145747,797,0.3961,p1@STBD1,8987,24854,,STBD1,"starch binding domain 1","gene with protein product"
527,T158589,793,0.3953,p1@TRDN,10345,12261,E9PDT2,TRDN,triadin,"gene with protein product"
528,T063341,793,0.3951,p3@ACOX1,51,119,F5H0M0,ACOX1,"acyl-CoA oxidase 1","gene with protein product"
529,T093337,788,0.3930,p1@FABP3,2170,3557,P05413,FABP3,"fatty acid binding protein 3","gene with protein product"
530,T176035,786,0.3920,p1@PKD1L1,168507,18053,Q8TDX9,PKD1L1,"polycystin 1 like 1, transient receptor potential channel interacting","gene with protein product"
531,T109750,788,0.3917,"p1@MIR4763,p1@MIRLET7BHG","150381,400931","41677,37189",B1AKH7,MIR4763,"microRNA 4763","RNA, micro"
532,T198555,786,0.3910,p3@F8,2157,3546,P00451,F8,"coagulation factor VIII","gene with protein product"
533,T113794,783,0.3903,p5@ACVR1C,130399,18123,,ACVR1C,"activin A receptor type 1C","gene with protein product"
534,T085542,784,0.3900,p2@FMO2,2327,3770,"Q99518,Q5JPC7,Q86U73",FMO2,"flavin containing monooxygenase 2","gene with protein product"
535,T194917,783,0.3896,p1@ECM2,1842,3154,,ECM2,"extracellular matrix protein 2","gene with protein product"
536,T128693,781,0.3895,p1@KBTBD12,166348,25731,B5MCZ4,KBTBD12,"kelch repeat and BTB domain containing 12","gene with protein product"
537,T004004,783,0.3894,p8@SVIL,6840,11480,,SVIL,supervillin,"gene with protein product"
538,T026878,774,0.3857,p2@ITGA7,3679,6143,G3V2C6,ITGA7,"integrin subunit alpha 7","gene with protein product"
539,T015231,772,0.3848,p4@GLYAT,10249,13734,Q6IB77,GLYAT,glycine-N-acyltransferase,"gene with protein product"
540,T184550,773,0.3842,p6@TACC1,6867,11522,,TACC1,"transforming acidic coiled-coil containing protein 1","gene with protein product"
541,T119762,769,0.3833,p2@SLC19A3,80704,16266,"E7EM61,F5H2M8",SLC19A3,"solute carrier family 19 member 3","gene with protein product"
542,T103071,771,0.3832,p1@TCF15,6939,11627,"A4LBB6,Q12870,Q6NVX3",TCF15,"transcription factor 15 (basic helix-loop-helix)","gene with protein product"
543,T181157,766,0.3811,p12@DLC1,10395,2897,Q96QB1,DLC1,"DLC1 Rho GTPase activating protein","gene with protein product"
544,T158595,765,0.3806,p13@TRDN,10345,12261,"Q5SWK9,Q13061,Q8IVK2",TRDN,triadin,"gene with protein product"
545,T143906,765,0.3806,p6@LIMCH1,22998,29191,,LIMCH1,"LIM and calponin homology domains 1","gene with protein product"
546,T089738,764,0.3803,p26@ESRRG,2104,3474,"F1D8R6,P62508",ESRRG,"estrogen related receptor gamma","gene with protein product"
547,T085420,762,0.3795,p4@SLC19A2,10560,10938,O60779,SLC19A2,"solute carrier family 19 member 2","gene with protein product"
548,T096823,759,0.3786,p1@NEXN,91624,29557,Q0ZGT2,NEXN,"nexilin F-actin binding protein","gene with protein product"
549,T197527,758,0.3769,p16@ARHGEF6,9459,685,"F5H8B2,Q15052,Q8N4Q3",ARHGEF6,"Rac/Cdc42 guanine nucleotide exchange factor 6","gene with protein product"
550,T199131,756,0.3761,p11@GYG2,8908,4700,,GYG2,"glycogenin 2","gene with protein product"
551,T001354,753,0.3752,p19@ABLIM1,3983,78,"A6NKJ2,F8W8M4,B3KSG3,B3KVH2,O14639",ABLIM1,"actin binding LIM protein 1","gene with protein product"
552,T190555,751,0.3748,p3@PPAPDC3,84814,28174,,PLPP7,"phospholipid phosphatase 7 (inactive)","gene with protein product"
553,T154442,751,0.3742,p5@ITGA1,3672,6134,P56199,ITGA1,"integrin subunit alpha 1","gene with protein product"
554,T123372,751,0.3740,p5@STON1-GTF2A1L,286749,30651,"Q53S48,Q3MIM1",STON1-GTF2A1L,"STON1-GTF2A1L readthrough",readthrough
555,T115429,751,0.3736,p80@TTN,7273,12403,,TTN,titin,"gene with protein product"
556,T139258,751,0.3736,p8@SYNPO2,171024,17732,Q9UMS6,SYNPO2,"synaptopodin 2","gene with protein product"
557,T128147,750,0.3729,p4@SYN2,6854,11495,,SYN2,"synapsin II","gene with protein product"
558,T129388,747,0.3726,p6@PPP2R3A,5523,9307,Q06190,PPP2R3A,"protein phosphatase 2 regulatory subunit B''alpha","gene with protein product"
559,T054445,747,0.3722,p2@MLYCD,23417,7150,O95822,MLYCD,"malonyl-CoA decarboxylase","gene with protein product"
560,T167834,744,0.3703,p6@FILIP1,27145,21015,Q7Z7B0,FILIP1,"filamin A interacting protein 1","gene with protein product"
561,T156091,740,0.3683,p8@CMYA5,202333,14305,,CMYA5,"cardiomyopathy associated 5","gene with protein product"
562,T156948,740,0.3683,p1@CAST,831,1515,"G5E946,E9PDE4,D6RBZ8,E9PCH5,E7ES10,E7EVY3,B7Z574,Q86YM9",CAST,calpastatin,"gene with protein product"
563,T058752,737,0.3674,p3@STAT3,6774,11364,P40763,STAT3,"signal transducer and activator of transcription 3","gene with protein product"
564,T185902,737,0.3674,p29@PDE7A,5150,8791,Q13946,PDE7A,"phosphodiesterase 7A","gene with protein product"
565,T156090,738,0.3670,p7@CMYA5,202333,14305,,CMYA5,"cardiomyopathy associated 5","gene with protein product"
566,T068052,737,0.3668,p12@ALPK2,115701,20565,Q86TB3,ALPK2,"alpha kinase 2","gene with protein product"
567,T154878,734,0.3657,p8@PDE4D,5144,8783,Q08499,PDE4D,"phosphodiesterase 4D","gene with protein product"
568,T084735,730,0.3635,p1@ADAMTS4,9507,220,"Q5VTW1,O75173",ADAMTS4,"ADAM metallopeptidase with thrombospondin type 1 motif 4","gene with protein product"
569,T110207,729,0.3634,p5@CPT1B,1375,2329,"Q92523,E9PCP2,B7Z4U4,A5PLL0,Q53FV7,B7Z5T8",CPT1B,"carnitine palmitoyltransferase 1B","gene with protein product"
570,T118894,730,0.3634,p3@TMBIM1,64114,23410,"C9IZ27,C9JDV0",TMBIM1,"transmembrane BAX inhibitor motif containing 1","gene with protein product"
571,T119303,729,0.3629,p6@SLC4A3,6508,11029,"B4DR53,P48751",SLC4A3,"solute carrier family 4 member 3","gene with protein product"
572,T051638,728,0.3624,p1@MYLK3,91807,29826,Q32MK0,MYLK3,"myosin light chain kinase 3","gene with protein product"
573,T088543,724,0.3609,p1@SLC41A1,254428,19429,"B2RMP2,B3KWH2,Q8IVJ1",SLC41A1,"solute carrier family 41 member 1","gene with protein product"
574,T132938,720,0.3587,p14@TPRG1,285386,24759,C9JDW1,TPRG1,"tumor protein p63 regulated 1","gene with protein product"
575,T110205,719,0.3582,p3@CPT1B,1375,2329,"Q92523,E9PCP2,B7Z4U4,A5PLL0,Q53FV7,B7Z5T8",CPT1B,"carnitine palmitoyltransferase 1B","gene with protein product"
576,T002350,720,0.3582,p14@C10orf90,118611,26563,,C10orf90,"chromosome 10 open reading frame 90","gene with protein product"
577,T147023,718,0.3576,p15@PDLIM5,10611,17468,D6RB78,PDLIM5,"PDZ and LIM domain 5","gene with protein product"
578,T162257,718,0.3574,p1@CAP2,10486,20039,"B7Z1C4,F8WDB9,B7Z214",CAP2,"CAP, adenylate cyclase-associated protein, 2 (yeast)","gene with protein product"
579,T165674,718,0.3572,p3@APOBEC2,10930,605,Q9Y235,APOBEC2,"apolipoprotein B mRNA editing enzyme catalytic subunit 2","gene with protein product"
580,T156065,718,0.3572,p2@CMYA5,202333,14305,Q8N3K9,CMYA5,"cardiomyopathy associated 5","gene with protein product"
581,T025118,716,0.3568,p3@ANO6,196527,25240,"B3KX12,Q4KMQ2,E9PCT2,B9EGG0",ANO6,"anoctamin 6","gene with protein product"
582,T182955,714,0.3552,p1@MYOM2,9172,7614,P54296,MYOM2,"myomesin 2","gene with protein product"
583,T115431,711,0.3534,p23@TTN,7273,12403,,TTN,titin,"gene with protein product"
584,T189958,708,0.3533,p2@SLC25A25,114789,20663,"F8WEY9,Q6KCM7",SLC25A25,"solute carrier family 25 member 25","gene with protein product"
585,T081767,710,0.3532,p1@TXNIP,10628,16952,,TXNIP,"thioredoxin interacting protein","gene with protein product"
586,T184554,705,0.3514,p8@TACC1,6867,11522,E7ES82,TACC1,"transforming acidic coiled-coil containing protein 1","gene with protein product"
587,T126441,702,0.3500,p6@CNNM4,26504,105,B7Z1U0,CNNM4,"cyclin and CBS domain divalent metal cation transport mediator 4","gene with protein product"
588,T032577,703,0.3498,p1@EEF1DP3,196549,30486,,EEF1DP3,"eukaryotic translation elongation factor 1 delta pseudogene 3",pseudogene
589,T041664,698,0.3480,p2@ASB2,51676,16012,"B3KPZ6,B4E166",ASB2,"ankyrin repeat and SOCS box containing 2","gene with protein product"
590,T129827,698,0.3474,p3@PCOLCE2,26577,8739,,PCOLCE2,"procollagen C-endopeptidase enhancer 2","gene with protein product"
591,T047664,695,0.3456,p3@PLIN1,5346,9076,O60240,PLIN1,"perilipin 1","gene with protein product"
592,T172805,694,0.3454,p5@PRKAG2,51422,9386,,PRKAG2,"protein kinase AMP-activated non-catalytic subunit gamma 2","gene with protein product"
593,T190626,691,0.3453,p8@RAPGEF1,2889,4568,"F5H4P5,E9PDT1,F5H704,C9JL20,Q5JUE5,E7ETL5,Q13905",RAPGEF1,"Rap guanine nucleotide exchange factor 1","gene with protein product"
594,T199137,693,0.3449,p4@GYG2,8908,4700,,GYG2,"glycogenin 2","gene with protein product"
595,T178556,693,0.3443,p6@PDK4,5166,8812,,PDK4,"pyruvate dehydrogenase kinase 4","gene with protein product"
596,T041333,686,0.3418,p1@C14orf159,80017,20498,"E5RJ62,E5RGN8,E5RK14,E5RIU5,E5RK56,E5RJD1",C14orf159,"chromosome 14 open reading frame 159","gene with protein product"
597,T150719,683,0.3406,p5@SYNPO,11346,30672,,SYNPO,synaptopodin,"gene with protein product"
598,T037205,681,0.3393,p19@MYH7,4625,7577,P12883,MYH7,"myosin heavy chain 7","gene with protein product"
599,T179624,681,0.3386,p2@ABRA,137735,30655,Q8N0Z2,ABRA,"actin binding Rho activating protein","gene with protein product"
600,T158311,679,0.3383,p1@PLN,5350,9080,P26678,PLN,phospholamban,"gene with protein product"
601,T068049,678,0.3382,p20@ALPK2,115701,20565,Q86TB3,ALPK2,"alpha kinase 2","gene with protein product"
602,T172807,679,0.3380,p21@PRKAG2,51422,9386,E9PGP6,PRKAG2,"protein kinase AMP-activated non-catalytic subunit gamma 2","gene with protein product"
603,T166812,674,0.3358,p15@MLIP,90523,21355,"Q5VWP3,D6RE05",MLIP,"muscular LMNA interacting protein","gene with protein product"
604,T012739,674,0.3358,p1@NAV2-AS2,,40743,,NAV2-AS2,"NAV2 antisense RNA 2","RNA, long non-coding"
605,T004670,672,0.3343,p8@DIP2C,22982,29150,,DIP2C,"disco interacting protein 2 homolog C","gene with protein product"
606,T091512,670,0.3337,p1@RYR2,6262,10484,Q92736,RYR2,"ryanodine receptor 2","gene with protein product"
607,T008690,668,0.3318,p3@ANKRD2,26287,495,Q9GZV1,ANKRD2,"ankyrin repeat domain 2","gene with protein product"
608,T122986,666,0.3315,p4@THADA,63892,19217,,THADA,"THADA, armadillo repeat containing","gene with protein product"
609,T187798,667,0.3313,p8@COL15A1,1306,2192,P39059,COL15A1,"collagen type XV alpha 1 chain","gene with protein product"
610,T166382,664,0.3305,p4@CLIC5,53405,13517,Q8NBY3,CLIC5,"chloride intracellular channel 5","gene with protein product"
611,T039501,661,0.3292,p7@SYNE2,23224,17084,G3V2Q0,SYNE2,"spectrin repeat containing nuclear envelope protein 2","gene with protein product"
612,T127965,661,0.3290,p1@POPDC2,64091,17648,Q9HBU9,POPDC2,"popeye domain containing 2","gene with protein product"
613,T120319,661,0.3285,p7@DGKD,8527,2851,,DGKD,"diacylglycerol kinase delta","gene with protein product"
614,T131986,658,0.3272,p3@USP13,8975,12611,Q92995,USP13,"ubiquitin specific peptidase 13 (isopeptidase T-3)","gene with protein product"
615,T159872,654,0.3265,p3@TXLNB,167838,21617,Q8N3L3,TXLNB,"taxilin beta","gene with protein product"
616,T035719,655,0.3262,p3@C14orf180,400258,33795,G3V2Z8,C14orf180,"chromosome 14 open reading frame 180","gene with protein product"
617,T037203,654,0.3259,p9@MYH7,4625,7577,A5YM51,MYH7,"myosin heavy chain 7","gene with protein product"
618,T025444,654,0.3257,p10@PFKM,5213,8877,,PFKM,"phosphofructokinase, muscle","gene with protein product"
619,T009911,652,0.3247,p4@ZBTB16,7704,12930,F5H6C3,ZBTB16,"zinc finger and BTB domain containing 16","gene with protein product"
620,T199139,650,0.3237,p5@GYG2,8908,4700,E5RIC9,GYG2,"glycogenin 2","gene with protein product"
621,T004672,650,0.3234,p16@DIP2C,22982,29150,,DIP2C,"disco interacting protein 2 homolog C","gene with protein product"
622,T122310,648,0.3230,p2@ADI1,55256,30576,Q9BV57,ADI1,"acireductone dioxygenase 1","gene with protein product"
623,T091491,648,0.3225,p13@ACTN2,88,164,,ACTN2,"actinin alpha 2","gene with protein product"
624,T128512,647,0.3214,p4@ALDH1L1,10840,3978,O75891,ALDH1L1,"aldehyde dehydrogenase 1 family member L1","gene with protein product"
625,T158989,641,0.3195,p2@EPB41L2,2037,3379,,EPB41L2,"erythrocyte membrane protein band 4.1 like 2","gene with protein product"
626,T050598,640,0.3189,p4@KIF22,3835,6391,,KIF22,"kinesin family member 22","gene with protein product"
627,T097418,640,0.3186,p2@HS2ST1,9653,5193,,HS2ST1,"heparan sulfate 2-O-sulfotransferase 1","gene with protein product"
628,T175601,639,0.3178,p4@PGAM2,5224,8889,P15259,PGAM2,"phosphoglycerate mutase 2","gene with protein product"
629,T105604,637,0.3174,p1@NDUFV3,4731,7719,,NDUFV3,"NADH:ubiquinone oxidoreductase subunit V3","gene with protein product"
630,T115400,640,0.3173,p78@TTN,7273,12403,Q8WZ42,TTN,titin,"gene with protein product"
631,T087718,638,0.3173,p17@TNNT2,7139,11949,Q15608,TNNT2,"troponin T2, cardiac type","gene with protein product"
632,T024722,635,0.3162,p3@PKP2,5318,9024,,PKP2,"plakophilin 2","gene with protein product"
633,T060587,631,0.3146,p1@ANKRD40,91369,28233,"Q6AI12,A8IK34",ANKRD40,"ankyrin repeat domain 40","gene with protein product"
634,T003246,629,0.3139,p7@CACNB2,783,1402,,CACNB2,"calcium voltage-gated channel auxiliary subunit beta 2","gene with protein product"
635,T029582,628,0.3129,p1@ACSS3,79611,24723,Q9H6R3,ACSS3,"acyl-CoA synthetase short-chain family member 3","gene with protein product"
636,T097146,624,0.3112,p14@RERE,473,9965,Q9P2R6,RERE,"arginine-glutamic acid dipeptide repeats","gene with protein product"
637,T166434,624,0.3111,p9@RCAN2,10231,3041,,RCAN2,"regulator of calcineurin 2","gene with protein product"
638,T079722,625,0.3109,p1@RBP7,116362,30316,Q96R05,RBP7,"retinol binding protein 7","gene with protein product"
639,T196403,622,0.3099,p3@CHRDL1,91851,29861,Q9BU40,CHRDL1,"chordin like 1","gene with protein product"
640,T114277,621,0.3096,p4@COBLL1,22837,23571,C9J5Y6,COBLL1,"cordon-bleu WH2 repeat protein like 1","gene with protein product"
641,T009761,621,0.3086,p1@DLAT,1737,2896,"E9PEJ4,E9PKC7,F5H0X9",DLAT,"dihydrolipoamide S-acetyltransferase","gene with protein product"
642,T014269,616,0.3069,p5@C11orf96,387763,38675,Q7Z7L8,C11orf96,"chromosome 11 open reading frame 96","gene with protein product"
643,T024487,614,0.3059,p1@TMTC1,83857,24099,F8VTQ9,TMTC1,"transmembrane and tetratricopeptide repeat containing 1","gene with protein product"
644,T115851,612,0.3052,p27@TTN,7273,12403,,TTN,titin,"gene with protein product"
645,T197524,612,0.3052,p7@ARHGEF6,9459,685,"F5H8B2,Q15052,Q8N4Q3",ARHGEF6,"Rac/Cdc42 guanine nucleotide exchange factor 6","gene with protein product"
646,T059021,613,0.3050,p1@MEOX1,4222,7013,A8MWF9,MEOX1,"mesenchyme homeobox 1","gene with protein product"
647,T128515,610,0.3036,p5@ALDH1L1,10840,3978,"O75891,C9JYZ6",ALDH1L1,"aldehyde dehydrogenase 1 family member L1","gene with protein product"
648,T197418,607,0.3027,p10@FHL1,2273,3702,Q5JXH7,FHL1,"four and a half LIM domains 1","gene with protein product"
649,T073036,608,0.3020,p3@FXYD1,5348,4025,O00168,FXYD1,"FXYD domain containing ion transport regulator 1","gene with protein product"
650,T009647,606,0.3018,p3@PPP2R1B,5519,9303,P30154,PPP2R1B,"protein phosphatase 2 scaffold subunit Abeta","gene with protein product"
651,T135387,606,0.3015,p37@MAP4,4134,6862,Q86V26,MAP4,"microtubule associated protein 4","gene with protein product"
652,T150105,602,0.2995,p9@SH3RF2,153769,26299,,SH3RF2,"SH3 domain containing ring finger 2","gene with protein product"
653,T092602,600,0.2991,p1@FAM54B,56181,28836,"Q9H019,E9PPF9,E9PJP7,E9PPQ0,E9PLD2,E9PRK5",MTFR1L,"mitochondrial fission regulator 1 like","gene with protein product"
654,T037132,595,0.2957,p20@MYH7,4625,7577,P12883,MYH7,"myosin heavy chain 7","gene with protein product"
655,T085425,593,0.2955,p1@SLC19A2,10560,10938,O60779,SLC19A2,"solute carrier family 19 member 2","gene with protein product"
656,T066776,592,0.2950,p7@MYL12A,10627,16701,Q53X45,MYL12A,"myosin light chain 12A","gene with protein product"
657,T080945,590,0.2932,p3@CASQ2,845,1513,O14958,CASQ2,"calsequestrin 2","gene with protein product"
658,T021421,590,0.2932,p11@TBX5,6910,11604,Q99593,TBX5,"T-box 5","gene with protein product"
659,T107026,587,0.2922,p1@CHCHD10,400916,15559,"B5MBW9,Q8WYQ3",CHCHD10,"coiled-coil-helix-coiled-coil-helix domain containing 10","gene with protein product"
660,T037130,589,0.2922,p22@MYH7,4625,7577,P12883,MYH7,"myosin heavy chain 7","gene with protein product"
661,T126457,584,0.2908,p10@ANKRD23,200539,24470,Q86SG2,ANKRD23,"ankyrin repeat domain 23","gene with protein product"
662,T034253,582,0.2890,p1@TBC1D4,9882,19165,O60343,TBC1D4,"TBC1 domain family member 4","gene with protein product"
663,T133493,580,0.2886,p1@C3orf43,255798,27407,F8WEP5,SMCO1,"single-pass membrane protein with coiled-coil domains 1","gene with protein product"
664,T158313,580,0.2886,p3@PLN,5350,9080,P26678,PLN,phospholamban,"gene with protein product"
665,T081436,580,0.2883,p11@VPS13D,55187,23595,,VPS13D,"vacuolar protein sorting 13 homolog D","gene with protein product"
666,T070124,579,0.2882,p1@HOOK2,29911,19885,Q96ED9,HOOK2,"hook microtubule tethering protein 2","gene with protein product"
667,T057264,579,0.2878,p1@UNC45B,146862,14304,Q8IWX7,UNC45B,"unc-45 myosin chaperone B","gene with protein product"
668,T069031,574,0.2853,p1@PTPRM,5797,9675,"A7MBN1,P28827",PTPRM,"protein tyrosine phosphatase, receptor type M","gene with protein product"
669,T115777,573,0.2852,p4@TTN,7273,12403,,TTN,titin,"gene with protein product"
670,T021038,572,0.2844,p3@MYL2,4633,7583,,MYL2,"myosin light chain 2","gene with protein product"
671,T101239,569,0.2839,p16@DBNDD2,55861,15881,,DBNDD2,"dysbindin domain containing 2","gene with protein product"
672,T132162,567,0.2827,p4@MCCC1,56922,6936,E7ETG7,MCCC1,"methylcrotonoyl-CoA carboxylase 1","gene with protein product"
673,T045506,567,0.2822,p3@RBPMS2,348093,19098,Q6ZRY4,RBPMS2,"RNA binding protein with multiple splicing 2","gene with protein product"
674,T194924,565,0.2819,p5@ECM2,1842,3154,Q5T9F4,ECM2,"extracellular matrix protein 2","gene with protein product"
675,T105932,565,0.2814,p2@UBE2G2,7327,12483,"F8WDB1,F8WCB9",UBE2G2,"ubiquitin conjugating enzyme E2 G2","gene with protein product"
676,T046817,560,0.2792,p1@IDH3A,3419,5384,"B7Z9J8,P50213",IDH3A,"isocitrate dehydrogenase 3 (NAD(+)) alpha","gene with protein product"
677,T009693,560,0.2790,p5@CRYAB,1410,2389,P02511,CRYAB,"crystallin alpha B","gene with protein product"
678,T001051,560,0.2779,p5@RBM20,282996,27424,"Q5T481,F5GXH8",RBM20,"RNA binding motif protein 20","gene with protein product"
679,T114597,556,0.2770,p2@UBR3,130507,30467,Q6ZT12,UBR3,"ubiquitin protein ligase E3 component n-recognin 3 (putative)","gene with protein product"
680,T115865,552,0.2750,p48@TTN,7273,12403,Q8WZ42,TTN,titin,"gene with protein product"
681,T065475,553,0.2749,p3@KRBA2,124751,26989,A8MX02,KRBA2,"KRAB-A domain containing 2","gene with protein product"
682,T001353,550,0.2743,p10@ABLIM1,3983,78,"A6NKJ2,F8W8M4,B3KSG3,B3KVH2,O14639",ABLIM1,"actin binding LIM protein 1","gene with protein product"
683,T097143,548,0.2735,p12@RERE,473,9965,Q9P2R6,RERE,"arginine-glutamic acid dipeptide repeats","gene with protein product"
684,T073045,548,0.2730,p16@FXYD1,5348,4025,O00168,FXYD1,"FXYD domain containing ion transport regulator 1","gene with protein product"
685,T135856,546,0.2722,p1@C3orf45,132228,26781,Q8N112,LSMEM2,"leucine rich single-pass membrane protein 2","gene with protein product"
686,T169679,544,0.2713,p5@GPR146,115330,21718,B4DTD6,GPR146,"G protein-coupled receptor 146","gene with protein product"
687,T162238,545,0.2710,p19@RBM24,221662,21539,,RBM24,"RNA binding motif protein 24","gene with protein product"
688,T096824,542,0.2699,p3@NEXN,91624,29557,E7EUA0,NEXN,"nexilin F-actin binding protein","gene with protein product"
689,T115430,536,0.2677,p54@TTN,7273,12403,,TTN,titin,"gene with protein product"
690,T142605,534,0.2661,p8@SORBS2,8470,24098,,SORBS2,"sorbin and SH3 domain containing 2","gene with protein product"
691,T097754,533,0.2654,p2@C1orf170,,28208,Q5SV97,PERM1,"PPARGC1 and ESRR induced regulator, muscle 1","gene with protein product"
692,T153283,532,0.2652,p17@LRRC14B,389257,37268,A6NHZ5,LRRC14B,"leucine rich repeat containing 14B","gene with protein product"
693,T187795,531,0.2647,p5@COL15A1,1306,2192,P39059,COL15A1,"collagen type XV alpha 1 chain","gene with protein product"
694,T115399,531,0.2647,p47@TTN,7273,12403,Q8WZ42,TTN,titin,"gene with protein product"
695,T154518,529,0.2638,p1@HSPB3,8988,5248,Q12988,HSPB3,"heat shock protein family B (small) member 3","gene with protein product"
696,T064235,526,0.2614,p4@C1QTNF1,114897,14324,Q9BXJ1,C1QTNF1,"C1q and tumor necrosis factor related protein 1","gene with protein product"
697,T153286,524,0.2612,p5@LRRC14B,389257,37268,,LRRC14B,"leucine rich repeat containing 14B","gene with protein product"
698,T165677,523,0.2606,p4@APOBEC2,10930,605,B4DUL0,APOBEC2,"apolipoprotein B mRNA editing enzyme catalytic subunit 2","gene with protein product"
699,T142608,519,0.2592,p7@SORBS2,8470,24098,C9JN77,SORBS2,"sorbin and SH3 domain containing 2","gene with protein product"
700,T140671,516,0.2575,p2@C1QTNF7,114905,14342,Q9BXJ2,C1QTNF7,"C1q and tumor necrosis factor related protein 7","gene with protein product"
701,T052709,516,0.2572,p2@GOT2,2806,4433,P00505,GOT2,"glutamic-oxaloacetic transaminase 2","gene with protein product"
702,T158312,516,0.2571,p2@PLN,5350,9080,P26678,PLN,phospholamban,"gene with protein product"
703,T105268,516,0.2565,p9@SH3BGR,6450,10822,P55822,SH3BGR,"SH3 domain binding glutamate rich protein","gene with protein product"
704,T087707,511,0.2541,p8@TNNT2,7139,11949,,TNNT2,"troponin T2, cardiac type","gene with protein product"
705,T178543,508,0.2529,p24@PDK4,5166,8812,,PDK4,"pyruvate dehydrogenase kinase 4","gene with protein product"
706,T199133,507,0.2522,p2@GYG2,8908,4700,,GYG2,"glycogenin 2","gene with protein product"
707,T110204,506,0.2521,p1@CPT1B,1375,2329,Q92523,CPT1B,"carnitine palmitoyltransferase 1B","gene with protein product"
708,T003361,505,0.2515,p2@NEBL,10529,16932,Q5JUU8,NEBL,nebulette,"gene with protein product"
709,T023951,507,0.2515,p6@ABCC9,10060,60,Q8N4N7,ABCC9,"ATP binding cassette subfamily C member 9","gene with protein product"
710,T173315,502,0.2501,p5@VIPR2,7434,12695,Q6ZN22,VIPR2,"vasoactive intestinal peptide receptor 2","gene with protein product"
711,T198925,502,0.2494,p1@SMPX,23676,11122,,SMPX,"small muscle protein, X-linked","gene with protein product"
712,T150103,500,0.2494,p2@SH3RF2,153769,26299,,SH3RF2,"SH3 domain containing ring finger 2","gene with protein product"
713,T131985,500,0.2493,p1@USP13,8975,12611,,USP13,"ubiquitin specific peptidase 13 (isopeptidase T-3)","gene with protein product"
714,T165725,498,0.2481,p2@ECI2,10455,14601,"O75521,C9J000,F8WAW4",ECI2,"enoyl-CoA delta isomerase 2","gene with protein product"
715,T087713,498,0.2481,p2@TNNT2,7139,11949,,TNNT2,"troponin T2, cardiac type","gene with protein product"
716,T051648,498,0.2478,p5@MYLK3,91807,29826,B7Z5U8,MYLK3,"myosin light chain kinase 3","gene with protein product"
717,T115849,497,0.2476,p19@TTN,7273,12403,,TTN,titin,"gene with protein product"
718,T020799,495,0.2470,p24@ACACB,32,85,,ACACB,"acetyl-CoA carboxylase beta","gene with protein product"
719,T035477,496,0.2469,p1@ANKRD9,122416,20096,Q96BM1,ANKRD9,"ankyrin repeat domain 9","gene with protein product"
720,T049677,490,0.2440,p5@SLC9A3R2,9351,11076,,SLC9A3R2,"SLC9A3 regulator 2","gene with protein product"
721,T177802,487,0.2429,p29@SEMA3A,10371,10723,C9JD25,SEMA3A,"semaphorin 3A","gene with protein product"
722,T007660,488,0.2428,p6@LDB3,11155,15710,O75112,LDB3,"LIM domain binding 3","gene with protein product"
723,T166187,486,0.2426,p16@SLC29A1,2030,11003,,SLC29A1,"solute carrier family 29 member 1 (Augustine blood group)","gene with protein product"
724,T049490,487,0.2422,p1@RPL3L,6123,10351,Q92901,RPL3L,"ribosomal protein L3 like","gene with protein product"
725,T087697,486,0.2419,p16@TNNT2,7139,11949,,TNNT2,"troponin T2, cardiac type","gene with protein product"
726,T013786,485,0.2418,p1@PDHX,8050,21350,"E9PBP7,E9PRI6",PDHX,"pyruvate dehydrogenase complex component X","gene with protein product"
727,T143560,484,0.2402,p10@TBC1D1,23216,11578,"B9A6J6,Q7Z6H2,Q86TI0,Q8NC59",TBC1D1,"TBC1 domain family member 1","gene with protein product"
728,T000899,480,0.2393,p3@CELF2,10659,2550,"E9PC62,O95319",CELF2,"CUGBP Elav-like family member 2","gene with protein product"
729,T141386,480,0.2385,p5@NPY1R,4886,7956,D6RC44,NPY1R,"neuropeptide Y receptor Y1","gene with protein product"
730,T001341,481,0.2384,p20@ABLIM1,3983,78,Q5T6N2,ABLIM1,"actin binding LIM protein 1","gene with protein product"
731,T129501,478,0.2383,p6@MRAS,22808,7227,O14807,MRAS,"muscle RAS oncogene homolog","gene with protein product"
732,T093009,477,0.2372,p2@FAM76A,199870,28530,E9PQL1,FAM76A,"family with sequence similarity 76 member A","gene with protein product"
733,T114228,473,0.2353,p11@FIGN,55137,13285,,FIGN,"fidgetin, microtubule severing factor","gene with protein product"
734,T182300,472,0.2349,p39@PLEC,5339,9069,Q15149,PLEC,plectin,"gene with protein product"
735,T119307,470,0.2344,p3@SLC4A3,6508,11029,E9PCP1,SLC4A3,"solute carrier family 4 member 3","gene with protein product"
736,T156083,468,0.2334,p9@CMYA5,202333,14305,Q8N3K9,CMYA5,"cardiomyopathy associated 5","gene with protein product"
737,T081683,469,0.2332,p12@PDE4DIP,9659,15580,,PDE4DIP,"phosphodiesterase 4D interacting protein","gene with protein product"
738,T192373,468,0.2331,p5@VLDLR,7436,12698,"P98155,Q5VVF5,A8K0G2",VLDLR,"very low density lipoprotein receptor","gene with protein product"
739,T021423,468,0.2328,p9@TBX5,6910,11604,Q99593,TBX5,"T-box 5","gene with protein product"
740,T164395,468,0.2326,p3@NOTCH4,4855,7884,,NOTCH4,"notch 4","gene with protein product"
741,T009704,467,0.2325,p18@CRYAB,1410,2389,E9PNH7,CRYAB,"crystallin alpha B","gene with protein product"
742,T193422,466,0.2316,p12@JAK2,3717,6192,,JAK2,"Janus kinase 2","gene with protein product"
743,T175584,465,0.2313,p1@UBE2D4,51619,21647,"Q9Y2X8,F2Z3J6,F8WEH7,Q9UQL0",UBE2D4,"ubiquitin conjugating enzyme E2 D4 (putative)","gene with protein product"
744,T178546,463,0.2308,p7@PDK4,5166,8812,,PDK4,"pyruvate dehydrogenase kinase 4","gene with protein product"
745,T150740,463,0.2307,p6@SYNPO,11346,30672,Q8N3V7,SYNPO,synaptopodin,"gene with protein product"
746,T187644,459,0.2287,p2@TMOD1,7111,11871,P28289,TMOD1,"tropomodulin 1","gene with protein product"
747,T037112,455,0.2266,p4@MYH6,4624,7576,P13533,MYH6,"myosin heavy chain 6","gene with protein product"
748,T169680,454,0.2260,p2@GPR146,115330,21718,B4DTD6,GPR146,"G protein-coupled receptor 146","gene with protein product"
749,T032401,453,0.2257,p10@MTUS2,23281,20595,,MTUS2,"microtubule associated tumor suppressor candidate 2","gene with protein product"
750,T128783,452,0.2252,p1@CAND2,23066,30689,"F8WBB8,O75155,E9KL24",CAND2,"cullin associated and neddylation dissociated 2 (putative)","gene with protein product"
751,T193083,450,0.2242,p1@HRCT1,646962,33872,Q6UXD1,HRCT1,"histidine rich carboxyl terminus 1","gene with protein product"
752,T032403,447,0.2223,p6@MTUS2,23281,20595,,MTUS2,"microtubule associated tumor suppressor candidate 2","gene with protein product"
753,T032606,446,0.2221,p15@FRY,10129,20367,,FRY,"FRY microtubule binding protein","gene with protein product"
754,T018761,447,0.2221,p2@THRSP,7069,11800,Q92748,THRSP,"thyroid hormone responsive","gene with protein product"
755,T032596,443,0.2211,p21@FRY,10129,20367,B1ALA1,FRY,"FRY microtubule binding protein","gene with protein product"
756,T176471,442,0.2201,p2@PHKG1,5260,8930,,PHKG1,"phosphorylase kinase catalytic subunit gamma 1","gene with protein product"
757,T197536,441,0.2195,p4@EGFL6,25975,3235,,EGFL6,"EGF like domain multiple 6","gene with protein product"
758,T001342,440,0.2191,p5@ABLIM1,3983,78,Q5T6N2,ABLIM1,"actin binding LIM protein 1","gene with protein product"
759,T115842,439,0.2190,p56@TTN,7273,12403,,TTN,titin,"gene with protein product"
760,T184337,439,0.2186,p1@RNF122,79845,21147,Q9H9V4,RNF122,"ring finger protein 122","gene with protein product"
761,T037206,438,0.2181,p10@MYH7,4625,7577,P12883,MYH7,"myosin heavy chain 7","gene with protein product"
762,T001287,437,0.2178,p7@NHLRC2,374354,24731,,NHLRC2,"NHL repeat containing 2","gene with protein product"
763,T084865,436,0.2172,p7@ATF6,22926,791,"A8K383,P18850",ATF6,"activating transcription factor 6","gene with protein product"
764,T025445,435,0.2170,p2@PFKM,5213,8877,P08237,PFKM,"phosphofructokinase, muscle","gene with protein product"
765,T114227,436,0.2165,p9@FIGN,55137,13285,,FIGN,"fidgetin, microtubule severing factor","gene with protein product"
766,T117215,434,0.2156,p14@CFLAR,8837,1876,E9PAP3,CFLAR,"CASP8 and FADD like apoptosis regulator","gene with protein product"
767,T153292,432,0.2150,p4@LRRC14B,389257,37268,,LRRC14B,"leucine rich repeat containing 14B","gene with protein product"
768,T189193,431,0.2147,p3@GSN,2934,4620,,GSN,gelsolin,"gene with protein product"
769,T187643,431,0.2145,p1@TMOD1,7111,11871,P28289,TMOD1,"tropomodulin 1","gene with protein product"
770,T047662,431,0.2145,p2@PLIN1,5346,9076,O60240,PLIN1,"perilipin 1","gene with protein product"
771,T183348,430,0.2139,p1@PEBP4,157310,28319,Q96S96,PEBP4,"phosphatidylethanolamine binding protein 4","gene with protein product"
772,T159870,429,0.2138,p2@TXLNB,167838,21617,Q8N3L3,TXLNB,"taxilin beta","gene with protein product"
773,T087700,429,0.2136,p14@TNNT2,7139,11949,,TNNT2,"troponin T2, cardiac type","gene with protein product"
774,T022882,427,0.2129,p1@TMEM132C,92293,25436,Q8N3T6,TMEM132C,"transmembrane protein 132C","gene with protein product"
775,T197535,428,0.2128,p2@EGFL6,25975,3235,,EGFL6,"EGF like domain multiple 6","gene with protein product"
776,T023820,428,0.2127,p8@PDE3A,5139,8778,,PDE3A,"phosphodiesterase 3A","gene with protein product"
777,T032463,427,0.2125,p18@HMGB1,3146,4983,Q5T7C4,HMGB1,"high mobility group box 1","gene with protein product"
778,T199132,423,0.2110,p6@GYG2,8908,4700,,GYG2,"glycogenin 2","gene with protein product"
779,T095011,422,0.2102,p1@ATPAF1,64756,18803,"A8MRA7,Q5TC12",ATPAF1,"ATP synthase mitochondrial F1 complex assembly factor 1","gene with protein product"
780,T115853,422,0.2097,p79@TTN,7273,12403,,TTN,titin,"gene with protein product"
781,T001343,421,0.2092,p7@ABLIM1,3983,78,F8WAB1,ABLIM1,"actin binding LIM protein 1","gene with protein product"
782,T115784,420,0.2091,p6@TTN,7273,12403,E9PJ99,TTN,titin,"gene with protein product"
783,T040356,420,0.2090,p2@PTGR2,145482,20149,Q8N8N7,PTGR2,"prostaglandin reductase 2","gene with protein product"
784,T047209,418,0.2084,p1@FSD2,123722,18024,A1L4K1,FSD2,"fibronectin type III and SPRY domain containing 2","gene with protein product"
785,T191375,419,0.2083,p7@LCN6,158062,17337,,LCN6,"lipocalin 6","gene with protein product"
786,T007662,417,0.2078,p7@LDB3,11155,15710,,LDB3,"LIM domain binding 3","gene with protein product"
787,T177961,417,0.2077,p2@STEAP4,79689,21923,Q687X5,STEAP4,"STEAP4 metalloreductase","gene with protein product"
788,T198926,416,0.2066,p5@SMPX,23676,11122,Q9UHP9,SMPX,"small muscle protein, X-linked","gene with protein product"
789,T031653,413,0.2062,p1@DCUN1D2,55208,20328,"C9JRE2,Q6PH85",DCUN1D2,"defective in cullin neddylation 1 domain containing 2","gene with protein product"
790,T169678,413,0.2059,p4@GPR146,115330,21718,,GPR146,"G protein-coupled receptor 146","gene with protein product"
791,T059286,413,0.2058,p1@HIGD1B,51751,24318,Q9P298,HIGD1B,"HIG1 hypoxia inducible domain family member 1B","gene with protein product"
792,T097156,412,0.2054,p47@RERE,473,9965,,RERE,"arginine-glutamic acid dipeptide repeats","gene with protein product"
793,T166813,411,0.2051,p13@MLIP,90523,21355,"Q5VWP3,D6RE05",MLIP,"muscular LMNA interacting protein","gene with protein product"
794,T150432,411,0.2045,p2@ABLIM3,22885,29132,D6RHE7,ABLIM3,"actin binding LIM protein family member 3","gene with protein product"
795,T115778,410,0.2041,p37@TTN,7273,12403,,TTN,titin,"gene with protein product"
796,T177553,408,0.2027,p5@CD36,948,1663,,CD36,"CD36 molecule","gene with protein product"
797,T098901,406,0.2023,p5@C20orf26,26074,15872,C9JA66,CFAP61,"cilia and flagella associated protein 61","gene with protein product"
798,T178558,405,0.2015,p37@PDK4,5166,8812,"A4D1H4,Q16654",PDK4,"pyruvate dehydrogenase kinase 4","gene with protein product"
799,T095628,404,0.2012,p2@PRKAA2,5563,9377,P54646,PRKAA2,"protein kinase AMP-activated catalytic subunit alpha 2","gene with protein product"
800,T080215,404,0.2011,p1@SYPL2,284612,27638,B4DYR7,SYPL2,"synaptophysin like 2","gene with protein product"
801,T008459,403,0.2009,p9@SORBS1,10580,14565,,SORBS1,"sorbin and SH3 domain containing 1","gene with protein product"
802,T023819,403,0.2001,p6@PDE3A,5139,8778,,PDE3A,"phosphodiesterase 3A","gene with protein product"
803,T199672,401,0.2000,p1@MAOB,4129,6834,P27338,MAOB,"monoamine oxidase B","gene with protein product"
804,T191786,401,0.2000,p9@NFIB,4781,7785,Q5VW26,NFIB,"nuclear factor I B","gene with protein product"
805,T154875,398,0.1983,p39@PDE4D,5144,8783,Q08499,PDE4D,"phosphodiesterase 4D","gene with protein product"
806,T182705,397,0.1975,p14@MTUS1,57509,29789,,MTUS1,"microtubule associated tumor suppressor 1","gene with protein product"
807,T087716,394,0.1964,p3@TNNT2,7139,11949,"F8W748,P45379,F8W9V2,Q9BUF6",TNNT2,"troponin T2, cardiac type","gene with protein product"
808,T127968,393,0.1954,p5@POPDC2,64091,17648,C9J3P7,POPDC2,"popeye domain containing 2","gene with protein product"
809,T014611,391,0.1946,p4@PACSIN3,29763,8572,E9PJ33,PACSIN3,"protein kinase C and casein kinase substrate in neurons 3","gene with protein product"
810,T189250,391,0.1944,p10@DAB2IP,153090,17294,,DAB2IP,"DAB2 interacting protein","gene with protein product"
811,T137634,389,0.1941,p5@LMCD1,29995,6633,F8WB09,LMCD1,"LIM and cysteine rich domains 1","gene with protein product"
812,T006063,390,0.1935,p6@CTNNA3,29119,2511,"A8K141,Q9UI47",CTNNA3,"catenin alpha 3","gene with protein product"
813,T001100,386,0.1926,p1@ADRA2A,150,281,P08913,ADRA2A,"adrenoceptor alpha 2A","gene with protein product"
814,T087699,386,0.1921,p9@TNNT2,7139,11949,,TNNT2,"troponin T2, cardiac type","gene with protein product"
815,T003247,383,0.1906,p21@CACNB2,783,1402,,CACNB2,"calcium voltage-gated channel auxiliary subunit beta 2","gene with protein product"
816,T194357,382,0.1904,p2@GKAP1,80318,17496,Q5VSY0,GKAP1,"G kinase anchoring protein 1","gene with protein product"
817,T143030,380,0.1896,p1@PPARGC1A,10891,9237,"D6RBF3,B7Z406",PPARGC1A,"PPARG coactivator 1 alpha","gene with protein product"
818,T001355,379,0.1888,p32@ABLIM1,3983,78,"A6NKJ2,F8W8M4,B3KSG3,B3KVH2,O14639",ABLIM1,"actin binding LIM protein 1","gene with protein product"
819,T037131,378,0.1881,p16@MYH7,4625,7577,P12883,MYH7,"myosin heavy chain 7","gene with protein product"
820,T001351,376,0.1873,p33@ABLIM1,3983,78,"A6NKJ2,F8W8M4,B3KSG3,B3KVH2,O14639",ABLIM1,"actin binding LIM protein 1","gene with protein product"
821,T027681,376,0.1873,p3@SLC16A7,9194,10928,F8W0N3,SLC16A7,"solute carrier family 16 member 7","gene with protein product"
822,T119291,375,0.1871,p15@SLC4A3,6508,11029,P48751,SLC4A3,"solute carrier family 4 member 3","gene with protein product"
823,T087717,374,0.1863,p13@TNNT2,7139,11949,Q15608,TNNT2,"troponin T2, cardiac type","gene with protein product"
824,T170387,371,0.1852,p2@ASB15,142685,19767,Q8WXK1,ASB15,"ankyrin repeat and SOCS box containing 15","gene with protein product"
825,T009909,372,0.1845,p3@ZBTB16,7704,12930,"Q05516,Q71UL7",ZBTB16,"zinc finger and BTB domain containing 16","gene with protein product"
826,T129829,370,0.1838,p6@PCOLCE2,26577,8739,,PCOLCE2,"procollagen C-endopeptidase enhancer 2","gene with protein product"
827,T158314,367,0.1831,p5@PLN,5350,9080,P26678,PLN,phospholamban,"gene with protein product"
828,T014609,367,0.1826,p12@PACSIN3,29763,8572,E9PJ33,PACSIN3,"protein kinase C and casein kinase substrate in neurons 3","gene with protein product"
829,T042059,364,0.1813,p1@SETD3,84193,20493,"Q86TU7,C9K0W5,A0PJU3",SETD3,"SET domain containing 3","gene with protein product"
830,T105271,363,0.1810,p3@SH3BGR,6450,10822,,SH3BGR,"SH3 domain binding glutamate rich protein","gene with protein product"
831,T008691,361,0.1800,p4@ANKRD2,26287,495,Q9GZV1,ANKRD2,"ankyrin repeat domain 2","gene with protein product"
832,T069033,361,0.1800,p4@PTPRM,5797,9675,"A7MBN1,P28827",PTPRM,"protein tyrosine phosphatase, receptor type M","gene with protein product"
833,T013015,361,0.1797,p2@ANO5,203859,27337,Q75V66,ANO5,"anoctamin 5","gene with protein product"
834,T126749,359,0.1787,p3@TMEM111,55831,23999,,EMC3,"ER membrane protein complex subunit 3","gene with protein product"
835,T060645,358,0.1786,p4@KIF1C,10749,6317,O43896,KIF1C,"kinesin family member 1C","gene with protein product"
836,T161683,358,0.1786,p1@PARK2,5071,8607,"B1AKC3,O60260",PARK2,"parkin RBR E3 ubiquitin protein ligase","gene with protein product"
837,T047663,357,0.1780,p5@PLIN1,5346,9076,O60240,PLIN1,"perilipin 1","gene with protein product"
838,T034306,356,0.1774,p4@LMO7,4008,6646,"E9PRJ0,E9PRE3",LMO7,"LIM domain 7","gene with protein product"
839,T003584,356,0.1772,p4@KIAA1217,56243,25428,"Q5T5P1,C9JRK3,Q5T5P2",KIAA1217,KIAA1217,"gene with protein product"
840,T040680,355,0.1770,p3@ESRRB,2103,3473,E7EWD9,ESRRB,"estrogen related receptor beta","gene with protein product"
841,T137333,356,0.1769,p1@EIF4E3,317649,31837,Q8N5X7,EIF4E3,"eukaryotic translation initiation factor 4E family member 3","gene with protein product"
842,T085544,355,0.1767,p1@FMO2,2327,3770,,FMO2,"flavin containing monooxygenase 2","gene with protein product"
843,T122258,351,0.1748,p8@RASGRP3,25780,14545,C9K0P4,RASGRP3,"RAS guanyl releasing protein 3","gene with protein product"
844,T153584,347,0.1727,p9@NPR3,4883,7945,,NPR3,"natriuretic peptide receptor 3","gene with protein product"
845,T120131,344,0.1711,p3@PTMA,"100506248,5757,728026",9623,,PTMA,"prothymosin, alpha","gene with protein product"
846,T169526,343,0.1707,p10@COG5,10466,14857,,COG5,"component of oligomeric golgi complex 5","gene with protein product"
847,T115343,342,0.1701,p50@TTN,7273,12403,Q8WZ42,TTN,titin,"gene with protein product"
848,T160623,341,0.1696,p3@PLEKHG1,57480,20884,,PLEKHG1,"pleckstrin homology and RhoGEF domain containing G1","gene with protein product"
849,T139958,340,0.1695,p4@NDUFC1,4717,7705,O43677,NDUFC1,"NADH:ubiquinone oxidoreductase subunit C1","gene with protein product"
850,T154141,340,0.1694,p3@OXCT1,5019,8527,P55809,OXCT1,"3-oxoacid CoA-transferase 1","gene with protein product"
851,T095036,339,0.1686,p1@CYP4B1,1580,2644,"P13584,F5H5Q6",CYP4B1,"cytochrome P450 family 4 subfamily B member 1","gene with protein product"
852,T120094,338,0.1682,p2@NMUR1,10316,4518,Q9HB89,NMUR1,"neuromedin U receptor 1","gene with protein product"
853,T053939,337,0.1680,p3@LDHD,197257,19708,Q86WU2,LDHD,"lactate dehydrogenase D","gene with protein product"
854,T053005,337,0.1679,p2@NOL3,8996,7869,,NOL3,"nucleolar protein 3","gene with protein product"
855,T042644,335,0.1670,p4@KLF13,51621,13672,,KLF13,"Kruppel like factor 13","gene with protein product"
856,T112603,335,0.1667,p3@TPO,7173,12015,,TPO,"thyroid peroxidase","gene with protein product"
857,T135220,334,0.1665,p3@MYL3,4634,7584,P08590,MYL3,"myosin light chain 3","gene with protein product"
858,T182941,333,0.1659,p3@LPL,4023,6677,,LPL,"lipoprotein lipase","gene with protein product"
859,T183078,332,0.1651,p11@EPB49,2039,3382,E5RFK6,DMTN,"dematin actin binding protein","gene with protein product"
860,T080943,331,0.1649,p1@CASQ2,845,1513,B4DIB0,CASQ2,"calsequestrin 2","gene with protein product"
861,T117973,331,0.1648,p3@ACADL,33,88,,ACADL,"acyl-CoA dehydrogenase, long chain","gene with protein product"
862,T037156,330,0.1641,p41@MYH7,4625,7577,Q2XUS2,MYH7,"myosin heavy chain 7","gene with protein product"
863,T197420,328,0.1636,p12@FHL1,2273,3702,F5GWR5,FHL1,"four and a half LIM domains 1","gene with protein product"
864,T115313,327,0.1631,p38@TTN,7273,12403,Q8WZ42,TTN,titin,"gene with protein product"
865,T087710,327,0.1629,p20@TNNT2,7139,11949,,TNNT2,"troponin T2, cardiac type","gene with protein product"
866,T131105,327,0.1628,p27@SCHIP1,29970,15678,,SCHIP1,"schwannomin interacting protein 1","gene with protein product"
867,T115776,325,0.1625,p3@TTN,7273,12403,,TTN,titin,"gene with protein product"
868,T096836,326,0.1624,p10@NEXN,91624,29557,,NEXN,"nexilin F-actin binding protein","gene with protein product"
869,T134142,325,0.1621,p2@CMTM8,152189,19179,"Q8IZV2,A5D6I7",CMTM8,"CKLF like MARVEL transmembrane domain containing 8","gene with protein product"
870,T105269,322,0.1600,p13@SH3BGR,6450,10822,P55822,SH3BGR,"SH3 domain binding glutamate rich protein","gene with protein product"
871,T193393,320,0.1596,p4@AK3,50808,17376,"Q7Z4Y4,Q9UIJ7",AK3,"adenylate kinase 3","gene with protein product"
872,T161681,320,0.1594,p3@PARK2,5071,8607,,PARK2,"parkin RBR E3 ubiquitin protein ligase","gene with protein product"
873,T115786,320,0.1593,p84@TTN,7273,12403,E9PJ99,TTN,titin,"gene with protein product"
874,T155719,319,0.1588,p3@COL4A3BP,10087,2205,Q9Y5P4,COL4A3BP,"collagen type IV alpha 3 binding protein","gene with protein product"
875,T028825,318,0.1586,p2@PTPRB,5787,9665,"P23467,B7ZKS8,F5H3G6",PTPRB,"protein tyrosine phosphatase, receptor type B","gene with protein product"
876,T183103,317,0.1579,p23@EPB49,2039,3382,E5RJ56,DMTN,"dematin actin binding protein","gene with protein product"
877,T156082,317,0.1574,p50@CMYA5,202333,14305,,CMYA5,"cardiomyopathy associated 5","gene with protein product"
878,T182707,316,0.1572,p81@MTUS1,57509,29789,,MTUS1,"microtubule associated tumor suppressor 1","gene with protein product"
879,T193421,314,0.1563,p9@JAK2,3717,6192,,JAK2,"Janus kinase 2","gene with protein product"
880,T108754,313,0.1558,p17@PLA2G6,8398,9039,F2Z3G2,PLA2G6,"phospholipase A2 group VI","gene with protein product"
881,T026797,312,0.1558,p3@PPP1R1A,5502,9286,"Q13522,E7ENB4",PPP1R1A,"protein phosphatase 1 regulatory inhibitor subunit 1A","gene with protein product"
882,T037134,312,0.1554,p27@MYH7,4625,7577,P12883,MYH7,"myosin heavy chain 7","gene with protein product"
883,T039500,310,0.1545,p2@SYNE2,23224,17084,"G3V2Q0,Q8WXH0",SYNE2,"spectrin repeat containing nuclear envelope protein 2","gene with protein product"
884,T021420,309,0.1541,p8@TBX5,6910,11604,Q99593,TBX5,"T-box 5","gene with protein product"
885,T120997,309,0.1540,p3@UBXN2A,165324,27265,P68543,UBXN2A,"UBX domain protein 2A","gene with protein product"
886,T120948,309,0.1537,p3@DUSP28,285193,33237,,DUSP28,"dual specificity phosphatase 28","gene with protein product"
887,T059019,308,0.1534,p4@MEOX1,4222,7013,,MEOX1,"mesenchyme homeobox 1","gene with protein product"
888,T099488,307,0.1533,p1@COX4I2,84701,16232,,COX4I2,"cytochrome c oxidase subunit 4I2","gene with protein product"
889,T150430,306,0.1525,p4@ABLIM3,22885,29132,O94929,ABLIM3,"actin binding LIM protein family member 3","gene with protein product"
890,T023818,304,0.1512,p4@PDE3A,5139,8778,,PDE3A,"phosphodiesterase 3A","gene with protein product"
891,T115433,303,0.1511,p58@TTN,7273,12403,,TTN,titin,"gene with protein product"
892,T136594,302,0.1505,p10@SLMAP,7871,16643,B7Z863,SLMAP,"sarcolemma associated protein","gene with protein product"
893,T151479,302,0.1505,p13@EBF1,1879,3126,Q9UH73,EBF1,"early B-cell factor 1","gene with protein product"
894,T160246,301,0.1501,p3@EPM2A,7957,3413,E7EQI8,EPM2A,"EPM2A, laforin glucan phosphatase","gene with protein product"
895,T004835,302,0.1500,p3@C10orf10,11067,23355,,C10orf10,"chromosome 10 open reading frame 10","gene with protein product"
896,T058896,300,0.1494,p2@AARSD1,80755,28417,C9JY27,AARSD1,"alanyl-tRNA synthetase domain containing 1","gene with protein product"
897,T178559,295,0.1471,p9@PDK4,5166,8812,"A4D1H4,Q16654",PDK4,"pyruvate dehydrogenase kinase 4","gene with protein product"
898,T032402,295,0.1468,p4@MTUS2,23281,20595,,MTUS2,"microtubule associated tumor suppressor candidate 2","gene with protein product"
899,T045507,294,0.1464,p6@RBPMS2,348093,19098,Q6ZRY4,RBPMS2,"RNA binding protein with multiple splicing 2","gene with protein product"
900,T184555,293,0.1458,p40@TACC1,6867,11522,E7ES82,TACC1,"transforming acidic coiled-coil containing protein 1","gene with protein product"
901,T011910,290,0.1442,p8@IGSF9B,22997,32326,E9PRP3,IGSF9B,"immunoglobulin superfamily member 9B","gene with protein product"
902,T097158,289,0.1437,p43@RERE,473,9965,,RERE,"arginine-glutamic acid dipeptide repeats","gene with protein product"
903,T150743,288,0.1434,p13@SYNPO,11346,30672,Q8N3V7,SYNPO,synaptopodin,"gene with protein product"
904,T199658,286,0.1426,p1@MAOA,4128,6833,B4DF46,MAOA,"monoamine oxidase A","gene with protein product"
905,T150741,285,0.1420,p15@SYNPO,11346,30672,Q8N3V7,SYNPO,synaptopodin,"gene with protein product"
906,T119302,285,0.1418,p5@SLC4A3,6508,11029,"B4DR53,P48751",SLC4A3,"solute carrier family 4 member 3","gene with protein product"
907,T108753,285,0.1414,p8@PLA2G6,8398,9039,F2Z3G2,PLA2G6,"phospholipase A2 group VI","gene with protein product"
908,T051521,284,0.1413,p1@SRL,6345,11295,"Q86TD4,B3KPP4",SRL,sarcalumenin,"gene with protein product"
909,T135529,284,0.1413,p12@ARIH2,10425,690,,ARIH2,"ariadne RBR E3 ubiquitin protein ligase 2","gene with protein product"
910,T198924,283,0.1408,p4@SMPX,23676,11122,,SMPX,"small muscle protein, X-linked","gene with protein product"
911,T076663,283,0.1408,p6@HRC,3270,5178,Q2M1I0,HRC,"histidine rich calcium binding protein","gene with protein product"
912,T096835,282,0.1402,p6@NEXN,91624,29557,,NEXN,"nexilin F-actin binding protein","gene with protein product"
913,T162297,281,0.1400,p2@KIF13A,63971,14566,"F2Z382,Q9H1H9",KIF13A,"kinesin family member 13A","gene with protein product"
914,T127697,281,0.1399,p25@ZBTB20,26137,13503,,ZBTB20,"zinc finger and BTB domain containing 20","gene with protein product"
915,T020252,280,0.1397,p2@GABARAPL1,23710,4068,G3V1T7,GABARAPL1,"GABA type A receptor associated protein like 1","gene with protein product"
916,T051522,280,0.1396,p2@SRL,6345,11295,"B3KPP4,Q86TD4",SRL,sarcalumenin,"gene with protein product"
917,T164988,280,0.1395,p1@C6orf106,64771,21215,Q9H6K1,C6orf106,"chromosome 6 open reading frame 106","gene with protein product"
918,T005082,280,0.1394,p3@C10orf71,118461,26973,Q711Q0,C10orf71,"chromosome 10 open reading frame 71","gene with protein product"
919,T194923,279,0.1391,p6@ECM2,1842,3154,Q5T9F4,ECM2,"extracellular matrix protein 2","gene with protein product"
920,T072741,280,0.1390,p3@SLC7A10,56301,11058,Q9NS82,SLC7A10,"solute carrier family 7 member 10","gene with protein product"
921,T115346,279,0.1389,p143@TTN,7273,12403,Q8WZ42,TTN,titin,"gene with protein product"
922,T037084,279,0.1386,p3@MYH6,4624,7576,Q1ED46,MYH6,"myosin heavy chain 6","gene with protein product"
923,T142609,278,0.1384,p20@SORBS2,8470,24098,C9JN77,SORBS2,"sorbin and SH3 domain containing 2","gene with protein product"
924,T087702,277,0.1383,p11@TNNT2,7139,11949,,TNNT2,"troponin T2, cardiac type","gene with protein product"
925,T146598,277,0.1379,p4@AFF1,4299,7135,D6RAU0,AFF1,"AF4/FMR2 family member 1","gene with protein product"
926,T128695,277,0.1378,p12@KBTBD12,166348,25731,B5MCZ4,KBTBD12,"kelch repeat and BTB domain containing 12","gene with protein product"
927,T188247,276,0.1378,p1@KLF4,9314,6348,"B7ZBT1,O43474",KLF4,"Kruppel like factor 4","gene with protein product"
928,T151843,276,0.1374,p4@ODZ2,57451,29943,,TENM2,"teneurin transmembrane protein 2","gene with protein product"
929,T053865,276,0.1372,p3@RBFOX1,54715,18222,"Q9NWB1,F8WAC5",RBFOX1,"RNA binding protein, fox-1 homolog 1","gene with protein product"
930,T165862,275,0.1370,p6@UBR2,23304,21289,Q8IWV8,UBR2,"ubiquitin protein ligase E3 component n-recognin 2","gene with protein product"
931,T088542,273,0.1361,p8@SLC41A1,254428,19429,"B2RMP2,B3KWH2,Q8IVJ1",SLC41A1,"solute carrier family 41 member 1","gene with protein product"
932,T118819,272,0.1357,p26@TNS1,7145,11973,C9J8K5,TNS1,"tensin 1","gene with protein product"
933,T127966,269,0.1338,p6@POPDC2,64091,17648,C9J3P7,POPDC2,"popeye domain containing 2","gene with protein product"
934,T154142,268,0.1332,p5@OXCT1,5019,8527,P55809,OXCT1,"3-oxoacid CoA-transferase 1","gene with protein product"
935,T124213,266,0.1325,p14@WDPCP,51057,28027,,WDPCP,"WD repeat containing planar cell polarity effector","gene with protein product"
936,T032954,266,0.1323,p1@FOXO1,2308,3819,Q12778,FOXO1,"forkhead box O1","gene with protein product"
937,T021877,265,0.1320,p11@PXN,5829,9718,P49023,PXN,paxillin,"gene with protein product"
938,T193990,265,0.1317,p9@ALDH1A1,216,402,P00352,ALDH1A1,"aldehyde dehydrogenase 1 family member A1","gene with protein product"
939,T097960,263,0.1312,p6@BCAR3,8412,973,Q5TEW3,BCAR3,"breast cancer anti-estrogen resistance 3","gene with protein product"
940,T156936,263,0.1312,p10@CAST,831,1515,"F8W7E0,P20810,Q86YM9",CAST,calpastatin,"gene with protein product"
941,T037695,262,0.1307,p3@AKAP6,9472,376,G3V569,AKAP6,"A-kinase anchoring protein 6","gene with protein product"
942,T157313,262,0.1305,p4@BVES,11149,1152,Q8NE79,BVES,"blood vessel epicardial substance","gene with protein product"
943,T066766,259,0.1290,p5@MYL12A,10627,16701,"P19105,Q53X45",MYL12A,"myosin light chain 12A","gene with protein product"
944,T194920,257,0.1278,p4@ECM2,1842,3154,O94769,ECM2,"extracellular matrix protein 2","gene with protein product"
945,T047321,257,0.1277,p1@ALPK3,57538,17574,,ALPK3,"alpha kinase 3","gene with protein product"
946,T166974,256,0.1276,p19@DST,"100652766,667",1090,E7ERX3,DST,dystonin,"gene with protein product"
947,T115661,256,0.1273,p18@TTN,7273,12403,,TTN,titin,"gene with protein product"
948,T005764,255,0.1270,p3@ARID5B,84159,17362,Q14865,ARID5B,"AT-rich interaction domain 5B","gene with protein product"
949,T173491,255,0.1269,p19@HDAC9,9734,14065,,HDAC9,"histone deacetylase 9","gene with protein product"
950,T080203,254,0.1263,p4@SORT1,6272,11186,"B4DWI3,Q99523",SORT1,"sortilin 1","gene with protein product"
951,T019331,253,0.1262,p1@FZD4,8322,4042,Q9ULV1,FZD4,"frizzled class receptor 4","gene with protein product"
952,T120764,253,0.1260,p2@KLHL30,377007,24770,Q0D2K2,KLHL30,"kelch like family member 30","gene with protein product"
953,T156949,252,0.1256,p6@CAST,831,1515,,CAST,calpastatin,"gene with protein product"
954,T061962,252,0.1253,p2@CEP112,201134,28514,"Q8N8E3,A2RRR7",CEP112,"centrosomal protein 112","gene with protein product"
955,T198804,251,0.1252,p1@PDHA1,5160,8806,"Q5JPT9,Q5JPU0,Q5JPU2,P08559,Q5JPU1",PDHA1,"pyruvate dehydrogenase (lipoamide) alpha 1","gene with protein product"
956,T115312,250,0.1248,p45@TTN,7273,12403,Q8WZ42,TTN,titin,"gene with protein product"
957,T025554,248,0.1236,p3@PRKAG1,5571,9385,"F8W9D1,F8VSH3",PRKAG1,"protein kinase AMP-activated non-catalytic subunit gamma 1","gene with protein product"
958,T110582,248,0.1234,p2@TMEM182,130827,26391,Q6ZP80,TMEM182,"transmembrane protein 182","gene with protein product"
959,T026880,247,0.1231,p16@ITGA7,3679,6143,,ITGA7,"integrin subunit alpha 7","gene with protein product"
960,T102724,246,0.1227,p13@PMEPA1,56937,14107,,PMEPA1,"prostate transmembrane protein, androgen induced 1","gene with protein product"
961,T115841,242,0.1205,p39@TTN,7273,12403,,TTN,titin,"gene with protein product"
962,T110719,242,0.1200,p29@FHL2,2274,3703,"Q14192,Q2XQU9,Q6I9R8",FHL2,"four and a half LIM domains 2","gene with protein product"
963,T115966,241,0.1198,p2@CCDC141,285025,26821,"B8ZZB3,Q6ZP82",CCDC141,"coiled-coil domain containing 141","gene with protein product"
964,T087708,239,0.1191,p7@TNNT2,7139,11949,,TNNT2,"troponin T2, cardiac type","gene with protein product"
965,T197465,239,0.1189,p1@HTATSF1,27336,5276,"Q5H919,Q5H918",HTATSF1,"HIV-1 Tat specific factor 1","gene with protein product"
966,T000216,239,0.1186,p2@SEC31B,25956,23197,"Q9NQW1,F6TTE0,A8KAL6",SEC31B,"SEC31 homolog B, COPII coat complex component","gene with protein product"
967,T023817,238,0.1185,p2@PDE3A,5139,8778,,PDE3A,"phosphodiesterase 3A","gene with protein product"
968,T191714,238,0.1184,p1@PNPLA7,375775,24768,Q6ZV29,PNPLA7,"patatin like phospholipase domain containing 7","gene with protein product"
969,T037114,238,0.1182,p1@MYH6,4624,7576,"P13533,D9YZU2",MYH6,"myosin heavy chain 6","gene with protein product"
970,T140672,232,0.1158,p4@C1QTNF7,114905,14342,Q9BXJ2,C1QTNF7,"C1q and tumor necrosis factor related protein 7","gene with protein product"
971,T087695,230,0.1148,p5@TNNT2,7139,11949,,TNNT2,"troponin T2, cardiac type","gene with protein product"
972,T179650,230,0.1147,p9@ANGPT1,284,484,,ANGPT1,"angiopoietin 1","gene with protein product"
973,T011527,229,0.1143,p2@TEAD1,7003,11714,"P28347,A4FUP2,Q59EF3",TEAD1,"TEA domain transcription factor 1","gene with protein product"
974,T151842,229,0.1142,p15@ODZ2,57451,29943,,TENM2,"teneurin transmembrane protein 2","gene with protein product"
975,T154877,229,0.1142,p35@PDE4D,5144,8783,Q08499,PDE4D,"phosphodiesterase 4D","gene with protein product"
976,T099247,228,0.1137,p1@DEFB132,400830,33806,Q7Z7B7,DEFB132,"defensin beta 132","gene with protein product"
977,T119763,228,0.1137,p1@SLC19A3,80704,16266,"Q9BZV2,B8ZZW1,B8ZZ39,E7EM61,F5H2M8",SLC19A3,"solute carrier family 19 member 3","gene with protein product"
978,T089001,227,0.1132,p5@PLXNA2,5362,9100,,PLXNA2,"plexin A2","gene with protein product"
979,T064124,227,0.1130,p10@CYTH1,9267,9501,C9JG04,CYTH1,"cytohesin 1","gene with protein product"
980,T144683,227,0.1129,p4@TECRL,253017,27365,D6RBZ3,TECRL,"trans-2,3-enoyl-CoA reductase-like","gene with protein product"
981,T169862,226,0.1126,p4@PPP1R3A,5506,9291,Q16821,PPP1R3A,"protein phosphatase 1 regulatory subunit 3A","gene with protein product"
982,T006817,225,0.1121,p1@SYNPO2L,79933,23532,"A6NCR3,Q9H987",SYNPO2L,"synaptopodin 2 like","gene with protein product"
983,T119308,224,0.1116,p18@SLC4A3,6508,11029,E9PCP1,SLC4A3,"solute carrier family 4 member 3","gene with protein product"
984,T114424,223,0.1112,p26@XIRP2,129446,14303,,XIRP2,"xin actin binding repeat containing 2","gene with protein product"
985,T009646,223,0.1109,p4@PPP2R1B,5519,9303,E9PNM7,PPP2R1B,"protein phosphatase 2 scaffold subunit Abeta","gene with protein product"
986,T106502,223,0.1108,p6@TUBA8,51807,12410,"B3KPW9,Q9NY65",TUBA8,"tubulin alpha 8","gene with protein product"
987,T200415,222,0.1106,p6@HUWE1,10075,30892,"Q7Z6Z7,Q5H963",HUWE1,"HECT, UBA and WWE domain containing 1, E3 ubiquitin protein ligase","gene with protein product"
988,T012784,222,0.1106,p33@H19,,4713,,H19,"H19, imprinted maternally expressed transcript (non-protein coding)","RNA, long non-coding"
989,T191005,222,0.1105,p4@RXRA,6256,10477,P19793,RXRA,"retinoid X receptor alpha","gene with protein product"
990,T001050,221,0.1103,p4@RBM20,282996,27424,"Q5T481,F5GXH8",RBM20,"RNA binding motif protein 20","gene with protein product"
991,T135362,221,0.1101,p35@MAP4,4134,6862,P27816,MAP4,"microtubule associated protein 4","gene with protein product"
992,T087719,221,0.1101,p1@TNNT2,7139,11949,"Q9BUF6,P45379,F8WAF6,Q7Z554",TNNT2,"troponin T2, cardiac type","gene with protein product"
993,T000356,220,0.1095,p2@KCNIP2,30819,15522,Q9NS61,KCNIP2,"potassium voltage-gated channel interacting protein 2","gene with protein product"
994,T059763,218,0.1085,p1@NFE2L1,4779,7781,,NFE2L1,"nuclear factor, erythroid 2 like 1","gene with protein product"
995,T003585,217,0.1079,p11@KIAA1217,56243,25428,"Q5T5P1,C9JRK3,Q5T5P2",KIAA1217,KIAA1217,"gene with protein product"
996,T185952,216,0.1078,p2@TRIM55,84675,14215,Q9BYV6,TRIM55,"tripartite motif containing 55","gene with protein product"
997,T144830,216,0.1077,p5@KIAA0232,9778,28992,,KIAA0232,KIAA0232,"gene with protein product"
998,T098902,216,0.1076,p2@C20orf26,26074,15872,C9JA66,CFAP61,"cilia and flagella associated protein 61","gene with protein product"
999,T018291,215,0.1071,p12@FAM168A,23201,28999,,FAM168A,"family with sequence similarity 168 member A","gene with protein product"
1000,T130908,215,0.1069,p9@CCNL1,57018,20569,Q9UK58,CCNL1,"cyclin L1","gene with protein product"
1001,T114434,214,0.1066,p43@XIRP2,129446,14303,,XIRP2,"xin actin binding repeat containing 2","gene with protein product"
1002,T128378,214,0.1065,p15@PPARG,5468,9236,E9PFV3,PPARG,"peroxisome proliferator activated receptor gamma","gene with protein product"
1003,T129390,213,0.1060,p2@PPP2R3A,5523,9307,Q06190,PPP2R3A,"protein phosphatase 2 regulatory subunit B''alpha","gene with protein product"
1004,T085216,213,0.1059,p2@DUSP27,92235,25034,Q5VZP5,DUSP27,"dual specificity phosphatase 27 (putative)","gene with protein product"
1005,T018762,212,0.1057,p3@THRSP,7069,11800,Q92748,THRSP,"thyroid hormone responsive","gene with protein product"
1006,T190122,212,0.1057,p14@MPDZ,8777,7208,,MPDZ,"multiple PDZ domain crumbs cell polarity complex component","gene with protein product"
1007,T166186,212,0.1055,p13@SLC29A1,2030,11003,Q99808,SLC29A1,"solute carrier family 29 member 1 (Augustine blood group)","gene with protein product"
1008,T072743,212,0.1055,p2@SLC7A10,56301,11058,Q9NS82,SLC7A10,"solute carrier family 7 member 10","gene with protein product"
1009,T158590,212,0.1053,p2@TRDN,10345,12261,F5H6E3,TRDN,triadin,"gene with protein product"
1010,T146574,211,0.1052,p2@AFF1,4299,7135,E7EMC5,AFF1,"AF4/FMR2 family member 1","gene with protein product"
1011,T092674,211,0.1051,p1@FAM110D,79927,25860,Q8TAY7,FAM110D,"family with sequence similarity 110 member D","gene with protein product"
1012,T131101,211,0.1051,p39@SCHIP1,29970,15678,,SCHIP1,"schwannomin interacting protein 1","gene with protein product"
1013,T080942,211,0.1051,p4@CASQ2,845,1513,B4DIB0,CASQ2,"calsequestrin 2","gene with protein product"
1014,T115863,210,0.1048,p105@TTN,7273,12403,Q8WZ42,TTN,titin,"gene with protein product"
1015,T011027,210,0.1046,p6@CLMP,79827,24039,,CLMP,"CXADR like membrane protein","gene with protein product"
1016,T153288,209,0.1042,p6@LRRC14B,389257,37268,,LRRC14B,"leucine rich repeat containing 14B","gene with protein product"
1017,T115533,207,0.1031,p40@TTN,7273,12403,,TTN,titin,"gene with protein product"
1018,T119306,204,0.1017,p10@SLC4A3,6508,11029,E9PCP1,SLC4A3,"solute carrier family 4 member 3","gene with protein product"
1019,T166433,204,0.1017,p4@RCAN2,10231,3041,,RCAN2,"regulator of calcineurin 2","gene with protein product"
1020,T047120,204,0.1016,p5@IL16,3603,5980,E7EN14,IL16,"interleukin 16","gene with protein product"
1021,T099855,202,0.1006,p1@SNTA1,6640,11167,Q13424,SNTA1,"syntrophin alpha 1","gene with protein product"
1022,T060642,202,0.1005,p1@KIF1C,10749,6317,O43896,KIF1C,"kinesin family member 1C","gene with protein product"
1023,T099487,201,0.1002,p2@COX4I2,84701,16232,Q96KJ9,COX4I2,"cytochrome c oxidase subunit 4I2","gene with protein product"
1024,T110718,201,0.1001,p3@FHL2,2274,3703,Q14192,FHL2,"four and a half LIM domains 2","gene with protein product"
1025,T193629,201,0.1000,p17@KANK1,23189,19309,,KANK1,"KN motif and ankyrin repeat domains 1","gene with protein product"
1026,T043657,199,0.0990,p2@ZFP106,64397,23240,Q9H2Y7,NA,NA,NA
1027,T085934,195,0.0971,p2@KIAA0040,,28950,,KIAA0040,KIAA0040,"gene with protein product"
1028,T178554,195,0.0970,p2@PDK4,5166,8812,,PDK4,"pyruvate dehydrogenase kinase 4","gene with protein product"
1029,T081437,194,0.0967,p9@VPS13D,55187,23595,,VPS13D,"vacuolar protein sorting 13 homolog D","gene with protein product"
1030,T187796,194,0.0966,p6@COL15A1,1306,2192,P39059,COL15A1,"collagen type XV alpha 1 chain","gene with protein product"
1031,T001895,194,0.0966,p5@TACC2,10579,11523,,TACC2,"transforming acidic coiled-coil containing protein 2","gene with protein product"
1032,T032016,192,0.0957,p3@SGCG,6445,10809,,SGCG,"sarcoglycan gamma","gene with protein product"
1033,T028640,191,0.0954,p2@LRRC10,376132,20264,Q5BKY1,LRRC10,"leucine rich repeat containing 10","gene with protein product"
1034,T152366,191,0.0953,p1@NKX2-5,1482,2488,B4DNB6,NKX2-5,"NK2 homeobox 5","gene with protein product"
1035,T170225,190,0.0946,p6@C7orf58,79974,26159,A4D0V7,CPED1,"cadherin like and PC-esterase domain containing 1","gene with protein product"
1036,T134516,188,0.0935,p1@SCN5A,6331,10593,"E9PEK2,E9PG18,E9PEF3,Q14524,Q86V90,E9PHB6",SCN5A,"sodium voltage-gated channel alpha subunit 5","gene with protein product"
1037,T170662,187,0.0931,p1@FLNC,2318,3756,,FLNC,"filamin C","gene with protein product"
1038,T199138,186,0.0927,p15@GYG2,8908,4700,,GYG2,"glycogenin 2","gene with protein product"
1039,T004007,186,0.0927,p1@SVIL,6840,11480,"O95425,F5GY75,Q569J5",SVIL,supervillin,"gene with protein product"
1040,T147664,186,0.0925,p1@EPB41L4A,64097,13278,"Q8N8X1,Q8NEH8,Q9HCS5",EPB41L4A,"erythrocyte membrane protein band 4.1 like 4A","gene with protein product"
1041,T120093,185,0.0923,p1@NMUR1,10316,4518,Q9HB89,NMUR1,"neuromedin U receptor 1","gene with protein product"
1042,T037151,185,0.0921,p7@MYH7,4625,7577,Q2XUS2,MYH7,"myosin heavy chain 7","gene with protein product"
1043,T152368,184,0.0917,p2@NKX2-5,1482,2488,"E5RH49,E9PBU6,P52952,B4DNB6",NKX2-5,"NK2 homeobox 5","gene with protein product"
1044,T009705,183,0.0911,p22@CRYAB,1410,2389,,CRYAB,"crystallin alpha B","gene with protein product"
1045,T010628,182,0.0906,p2@USP2,9099,12618,E9PJ34,USP2,"ubiquitin specific peptidase 2","gene with protein product"
1046,T197648,180,0.0896,p3@CSF2RA,1438,2435,"P15509,B4DW68",CSF2RA,"colony stimulating factor 2 receptor alpha subunit","gene with protein product"
1047,T033485,179,0.0892,p3@SUCLA2,8803,11448,"Q9P2R7,E5KS60,Q9Y4T0",SUCLA2,"succinate-CoA ligase ADP-forming beta subunit","gene with protein product"
1048,T175599,178,0.0886,p3@PGAM2,5224,8889,,PGAM2,"phosphoglycerate mutase 2","gene with protein product"
1049,T102723,177,0.0884,p6@PMEPA1,56937,14107,"Q8NER4,Q969W9",PMEPA1,"prostate transmembrane protein, androgen induced 1","gene with protein product"
1050,T134556,177,0.0883,p1@XIRP1,165904,14301,Q702N8,XIRP1,"xin actin binding repeat containing 1","gene with protein product"
1051,T149405,177,0.0882,p1@C5orf65,389333,41906,E7EW31,PROB1,"proline rich basic protein 1","gene with protein product"
1052,T121893,176,0.0876,p5@PPP1CB,5500,9282,"P62140,F8WE71,C9JP48",PPP1CB,"protein phosphatase 1 catalytic subunit beta","gene with protein product"
1053,T117212,176,0.0876,p6@CFLAR,8837,1876,,CFLAR,"CASP8 and FADD like apoptosis regulator","gene with protein product"
1054,T000057,176,0.0876,p1@CUTC,51076,24271,Q9NTM9,CUTC,"cutC copper transporter","gene with protein product"
1055,T142596,176,0.0875,p14@SORBS2,8470,24098,,SORBS2,"sorbin and SH3 domain containing 2","gene with protein product"
1056,T182995,176,0.0874,p12@MYOM2,9172,7614,,MYOM2,"myomesin 2","gene with protein product"
1057,T073528,175,0.0874,p2@COX7A1,1346,2287,,COX7A1,"cytochrome c oxidase subunit 7A1","gene with protein product"
1058,T115779,175,0.0873,p53@TTN,7273,12403,,TTN,titin,"gene with protein product"
1059,T053940,175,0.0871,p2@LDHD,197257,19708,Q86WU2,LDHD,"lactate dehydrogenase D","gene with protein product"
1060,T154876,174,0.0867,p52@PDE4D,5144,8783,Q08499,PDE4D,"phosphodiesterase 4D","gene with protein product"
1061,T096641,174,0.0866,p3@TNNI3K,51086,19661,Q59H18,TNNI3K,"TNNI3 interacting kinase","gene with protein product"
1062,T037113,174,0.0865,p8@MYH6,4624,7576,,MYH6,"myosin heavy chain 6","gene with protein product"
1063,T082050,174,0.0865,p3@OTUD7B,56957,16683,Q5SZ59,OTUD7B,"OTU deubiquitinase 7B","gene with protein product"
1064,T014610,173,0.0864,p2@PACSIN3,29763,8572,E9PJ33,PACSIN3,"protein kinase C and casein kinase substrate in neurons 3","gene with protein product"
1065,T020997,172,0.0857,p1@PPTC7,160760,30695,Q8NI37,PPTC7,"PTC7 protein phosphatase homolog","gene with protein product"
1066,T037699,172,0.0856,p9@AKAP6,9472,376,G3V569,AKAP6,"A-kinase anchoring protein 6","gene with protein product"
1067,T143905,171,0.0852,p16@LIMCH1,22998,29191,,LIMCH1,"LIM and calponin homology domains 1","gene with protein product"
1068,T101240,171,0.0851,p15@DBNDD2,55861,15881,,DBNDD2,"dysbindin domain containing 2","gene with protein product"
1069,T138240,171,0.0849,p1@ADH1B,125,250,"P00325,P00326,A8MYN5,F5HB16,D6RHZ6",ADH1B,"alcohol dehydrogenase 1B (class I), beta polypeptide","gene with protein product"
1070,T177566,170,0.0847,p9@CD36,948,1663,"A4D1B1,P16671",CD36,"CD36 molecule","gene with protein product"
1071,T158588,170,0.0845,p4@TRDN,10345,12261,F5H2W7,TRDN,triadin,"gene with protein product"
1072,T152582,169,0.0840,p5@CLTB,1212,2091,D6RJD1,CLTB,"clathrin light chain B","gene with protein product"
1073,T115341,165,0.0823,p17@TTN,7273,12403,Q8WZ42,TTN,titin,"gene with protein product"
1074,T059645,165,0.0822,p4@CDC27,996,1728,,CDC27,"cell division cycle 27","gene with protein product"
1075,T114426,164,0.0818,p10@XIRP2,129446,14303,A4UGR9,XIRP2,"xin actin binding repeat containing 2","gene with protein product"
1076,T096642,163,0.0812,"p2@FPGT-TNNI3K,p2@TNNI3K","100526835,51086","19661,42952",Q59H18,TNNI3K,"TNNI3 interacting kinase","gene with protein product"
1077,T106316,163,0.0812,p3@PCNT,5116,16068,,PCNT,pericentrin,"gene with protein product"
1078,T103085,163,0.0810,p1@CRLS1,54675,16148,Q9UJA2,CRLS1,"cardiolipin synthase 1","gene with protein product"
1079,T109422,162,0.0808,p23@CYB5R3,1727,2873,,CYB5R3,"cytochrome b5 reductase 3","gene with protein product"
1080,T147026,162,0.0807,p2@PDLIM5,10611,17468,,PDLIM5,"PDZ and LIM domain 5","gene with protein product"
1081,T052239,161,0.0803,p3@CES1,"100653057,1066",1863,"P23141,E9PAU8",CES1,"carboxylesterase 1","gene with protein product"
1082,T196404,161,0.0803,p2@CHRDL1,91851,29861,Q9BU40,CHRDL1,"chordin like 1","gene with protein product"
1083,T078122,160,0.0798,p1@TNNI3,7137,11947,"P19429,Q6FGX2",TNNI3,"troponin I3, cardiac type","gene with protein product"
1084,T114414,159,0.0793,p9@XIRP2,129446,14303,A4UGR9,XIRP2,"xin actin binding repeat containing 2","gene with protein product"
1085,T030476,159,0.0793,p13@CCDC41,51134,17966,,CEP83,"centrosomal protein 83","gene with protein product"
1086,T159317,159,0.0792,p2@GFOD1,54438,21096,Q9NXC2,GFOD1,"glucose-fructose oxidoreductase domain containing 1","gene with protein product"
1087,T198344,158,0.0788,p3@ASB11,140456,17186,Q8WXH4,ASB11,"ankyrin repeat and SOCS box containing 11","gene with protein product"
1088,T124676,157,0.0783,p30@AAK1,22848,19679,,AAK1,"AP2 associated kinase 1","gene with protein product"
1089,T110208,157,0.0782,p7@CPT1B,1375,2329,"Q92523,E9PCP2,B7Z4U4,A5PLL0,Q53FV7,B7Z5T8",CPT1B,"carnitine palmitoyltransferase 1B","gene with protein product"
1090,T155196,157,0.0781,p7@MAST4,375449,19037,F8WBH1,MAST4,"microtubule associated serine/threonine kinase family member 4","gene with protein product"
1091,T154163,156,0.0777,p11@GHR,2690,4263,P10912,GHR,"growth hormone receptor","gene with protein product"
1092,T122775,156,0.0777,p2@SLC8A1,6546,11068,"P32418,E9PCL8,F5H188",SLC8A1,"solute carrier family 8 member A1","gene with protein product"
1093,T136185,156,0.0777,p1@SEMA3G,56920,30400,C9JXB2,SEMA3G,"semaphorin 3G","gene with protein product"
1094,T065476,155,0.0773,p2@KRBA2,124751,26989,A8MX02,KRBA2,"KRAB-A domain containing 2","gene with protein product"
1095,T046829,155,0.0773,p3@DNAJA4,55466,14885,"F5GWV1,Q69YX3,Q8WW22",DNAJA4,"DnaJ heat shock protein family (Hsp40) member A4","gene with protein product"
1096,T172806,155,0.0772,p22@PRKAG2,51422,9386,E9PGP6,PRKAG2,"protein kinase AMP-activated non-catalytic subunit gamma 2","gene with protein product"
1097,T158315,155,0.0771,p4@PLN,5350,9080,,PLN,phospholamban,"gene with protein product"
1098,T140549,154,0.0768,p7@SH3D19,152503,30418,,SH3D19,"SH3 domain containing 19","gene with protein product"
1099,T127967,154,0.0765,p2@POPDC2,64091,17648,C9J3P7,POPDC2,"popeye domain containing 2","gene with protein product"
1100,T166487,154,0.0765,p5@GPR116,221395,19030,"Q8IZF2,E9PBS6",ADGRF5,"adhesion G protein-coupled receptor F5","gene with protein product"
1101,T115398,153,0.0763,p85@TTN,7273,12403,Q8WZ42,TTN,titin,"gene with protein product"
1102,T025377,152,0.0758,p3@RAPGEF3,10411,16629,F8VXK1,RAPGEF3,"Rap guanine nucleotide exchange factor 3","gene with protein product"
1103,T006062,152,0.0756,p2@CTNNA3,29119,2511,"Q9UI47,A8K141",CTNNA3,"catenin alpha 3","gene with protein product"
1104,T035738,151,0.0752,p3@ADSSL1,122622,20093,Q8N142,ADSSL1,"adenylosuccinate synthase like 1","gene with protein product"
1105,T006103,151,0.0752,p9@MYPN,84665,23246,,MYPN,myopalladin,"gene with protein product"
1106,T192863,151,0.0751,p5@DNAJB5,25822,14887,Q5T657,DNAJB5,"DnaJ heat shock protein family (Hsp40) member B5","gene with protein product"
1107,T079666,150,0.0747,p8@PALMD,54873,15846,Q9NP74,PALMD,palmdelphin,"gene with protein product"
1108,T052339,150,0.0746,p6@MT1M,4499,14296,Q8N339,MT1M,"metallothionein 1M","gene with protein product"
1109,T023821,150,0.0745,p7@PDE3A,5139,8778,,PDE3A,"phosphodiesterase 3A","gene with protein product"
1110,T185160,149,0.0742,p2@PCMTD1,115294,30483,"Q96MG8,E5RGG7",PCMTD1,"protein-L-isoaspartate (D-aspartate) O-methyltransferase domain containing 1","gene with protein product"
1111,T014481,148,0.0739,p16@CREB3L1,90993,18856,,CREB3L1,"cAMP responsive element binding protein 3 like 1","gene with protein product"
1112,T090634,148,0.0737,p1@OBSCN,84033,15719,,OBSCN,"obscurin, cytoskeletal calmodulin and titin-interacting RhoGEF","gene with protein product"
1113,T166435,148,0.0735,p2@RCAN2,10231,3041,,RCAN2,"regulator of calcineurin 2","gene with protein product"
1114,T100938,147,0.0733,p1@FITM2,128486,16135,Q8N6M3,FITM2,"fat storage inducing transmembrane protein 2","gene with protein product"
1115,T140559,147,0.0733,p3@FAM160A1,729830,34237,"Q05DH4,D6RBF5",FAM160A1,"family with sequence similarity 160 member A1","gene with protein product"
1116,T135193,147,0.0732,p2@LRRC2,79442,14676,,LRRC2,"leucine rich repeat containing 2","gene with protein product"
1117,T115345,147,0.0732,p133@TTN,7273,12403,Q8WZ42,TTN,titin,"gene with protein product"
1118,T016213,146,0.0728,p10@PLA2G16,11145,17825,P53816,PLA2G16,"phospholipase A2 group XVI","gene with protein product"
1119,T048430,146,0.0726,p2@PGPEP1L,145814,27080,A6NFU8,PGPEP1L,"pyroglutamyl-peptidase I-like","gene with protein product"
1120,T129748,145,0.0724,p1@CHCHD4,131474,26467,Q8N4Q1,CHCHD4,"coiled-coil-helix-coiled-coil-helix domain containing 4","gene with protein product"
1121,T079667,145,0.0721,p3@PALMD,54873,15846,Q9NP74,PALMD,palmdelphin,"gene with protein product"
1122,T057839,145,0.0721,p3@TCAP,8557,11610,"A2TDC0,O15273",TCAP,titin-cap,"gene with protein product"
1123,T001744,144,0.0717,p5@BAG3,9531,939,O95817,BAG3,"BCL2 associated athanogene 3","gene with protein product"
1124,T193274,143,0.0713,p2@MCART1,92014,23323,Q9H1U9,SLC25A51,"solute carrier family 25 member 51","gene with protein product"
1125,T115864,143,0.0711,p59@TTN,7273,12403,Q8WZ42,TTN,titin,"gene with protein product"
1126,T115344,142,0.0707,p51@TTN,7273,12403,Q8WZ42,TTN,titin,"gene with protein product"
1127,T124221,142,0.0707,p1@UGP2,7360,12527,C9JUW1,UGP2,"UDP-glucose pyrophosphorylase 2","gene with protein product"
1128,T087693,142,0.0705,p25@TNNT2,7139,11949,,TNNT2,"troponin T2, cardiac type","gene with protein product"
1129,T179341,142,0.0705,p4@KLF10,7071,11810,"O75411,Q13118",KLF10,"Kruppel like factor 10","gene with protein product"
1130,T147958,141,0.0702,p36@TNFAIP8,25816,17260,O95379,TNFAIP8,"TNF alpha induced protein 8","gene with protein product"
1131,T042996,140,0.0698,p3@C15orf41,84529,26929,,C15orf41,"chromosome 15 open reading frame 41","gene with protein product"
1132,T080941,140,0.0695,p8@CASQ2,845,1513,,CASQ2,"calsequestrin 2","gene with protein product"
1133,T147019,139,0.0693,p13@PDLIM5,10611,17468,Q56VN4,PDLIM5,"PDZ and LIM domain 5","gene with protein product"
1134,T088900,137,0.0683,p2@C1orf132,,32018,,C1orf132,"chromosome 1 open reading frame 132",unknown
1135,T133946,137,0.0683,p4@NEK10,152110,18592,Q6ZWH5,NEK10,"NIMA related kinase 10","gene with protein product"
1136,T182916,137,0.0682,p20@CSGALNACT1,55790,24290,Q8TDX6,CSGALNACT1,"chondroitin sulfate N-acetylgalactosaminyltransferase 1","gene with protein product"
1137,T154441,137,0.0681,p4@ITGA1,3672,6134,P56199,ITGA1,"integrin subunit alpha 1","gene with protein product"
1138,T157001,136,0.0678,p8@LNPEP,4012,6656,Q9UIQ6,LNPEP,"leucyl and cystinyl aminopeptidase","gene with protein product"
1139,T059103,136,0.0677,p1@ASB16,92591,19768,Q96NS5,ASB16,"ankyrin repeat and SOCS box containing 16","gene with protein product"
1140,T105272,136,0.0677,p2@SH3BGR,6450,10822,,SH3BGR,"SH3 domain binding glutamate rich protein","gene with protein product"
1141,T188321,135,0.0673,p1@EPB41L4B,54566,19818,"E9PE35,Q9H329,Q9NX84,Q59GC2,Q9NSG9",EPB41L4B,"erythrocyte membrane protein band 4.1 like 4B","gene with protein product"
1142,T027814,135,0.0673,p2@AVPR1A,552,895,P37288,AVPR1A,"arginine vasopressin receptor 1A","gene with protein product"
1143,T013090,135,0.0671,p6@C11orf21,29125,13231,Q9P2W6,C11orf21,"chromosome 11 open reading frame 21","gene with protein product"
1144,T123384,135,0.0670,p1@LHCGR,3973,6585,P22888,LHCGR,"luteinizing hormone/choriogonadotropin receptor","gene with protein product"
1145,T160620,135,0.0669,p7@PLEKHG1,57480,20884,,PLEKHG1,"pleckstrin homology and RhoGEF domain containing G1","gene with protein product"
1146,T009907,134,0.0667,p2@ZBTB16,7704,12930,Q05516,ZBTB16,"zinc finger and BTB domain containing 16","gene with protein product"
1147,T114416,133,0.0664,p108@XIRP2,129446,14303,A4UGR9,XIRP2,"xin actin binding repeat containing 2","gene with protein product"
1148,T055521,133,0.0663,p4@MYOCD,93649,16067,Q8IZQ8,MYOCD,myocardin,"gene with protein product"
1149,T085424,133,0.0661,p3@SLC19A2,10560,10938,Q5TIE1,SLC19A2,"solute carrier family 19 member 2","gene with protein product"
1150,T042940,133,0.0661,p2@ACTC1,70,143,P68032,ACTC1,"actin, alpha, cardiac muscle 1","gene with protein product"
1151,T021109,132,0.0657,p1@ALDH2,217,404,"P05091,F8VSB0,F8VXI5",ALDH2,"aldehyde dehydrogenase 2 family (mitochondrial)","gene with protein product"
1152,T009908,130,0.0648,p5@ZBTB16,7704,12930,Q05516,ZBTB16,"zinc finger and BTB domain containing 16","gene with protein product"
1153,T174478,130,0.0648,p2@HIBADH,11112,4907,,HIBADH,"3-hydroxyisobutyrate dehydrogenase","gene with protein product"
1154,T003244,130,0.0647,p17@CACNB2,783,1402,"Q08289,Q5QJ99,Q6TME1,Q6TME0",CACNB2,"calcium voltage-gated channel auxiliary subunit beta 2","gene with protein product"
1155,T150745,130,0.0647,p22@SYNPO,11346,30672,Q8N3V7,SYNPO,synaptopodin,"gene with protein product"
1156,T121652,129,0.0643,p2@TRIM54,57159,16008,,TRIM54,"tripartite motif containing 54","gene with protein product"
1157,T179625,129,0.0642,p1@ABRA,137735,30655,Q8N0Z2,ABRA,"actin binding Rho activating protein","gene with protein product"
1158,T081685,128,0.0639,p16@PDE4DIP,9659,15580,Q5VU43,PDE4DIP,"phosphodiesterase 4D interacting protein","gene with protein product"
1159,T198923,128,0.0638,p3@SMPX,23676,11122,,SMPX,"small muscle protein, X-linked","gene with protein product"
1160,T138188,127,0.0633,p7@FILIP1L,11259,24589,Q4L180,FILIP1L,"filamin A interacting protein 1 like","gene with protein product"
1161,T091536,127,0.0632,p2@TCEA3,6920,11615,"A8K2K7,O75764",TCEA3,"transcription elongation factor A3","gene with protein product"
1162,T027824,127,0.0631,p8@DPY19L2,283417,19414,,DPY19L2,"dpy-19 like 2","gene with protein product"
1163,T023816,125,0.0622,p5@PDE3A,5139,8778,,PDE3A,"phosphodiesterase 3A","gene with protein product"
1164,T086140,124,0.0619,p12@ARHGEF10L,55160,25540,B4DTE2,ARHGEF10L,"Rho guanine nucleotide exchange factor 10 like","gene with protein product"
1165,T115780,124,0.0618,p74@TTN,7273,12403,E9PJ99,TTN,titin,"gene with protein product"
1166,T052935,124,0.0618,p2@RRAD,6236,10446,P55042,RRAD,"RRAD, Ras related glycolysis inhibitor and calcium channel regulator","gene with protein product"
1167,T131165,123,0.0613,p1@KPNA4,3840,6397,,KPNA4,"karyopherin subunit alpha 4","gene with protein product"
1168,T073039,122,0.0608,p7@FXYD1,5348,4025,O00168,FXYD1,"FXYD domain containing ion transport regulator 1","gene with protein product"
1169,T151749,122,0.0608,p3@FAM134B,54463,25964,,FAM134B,"family with sequence similarity 134 member B","gene with protein product"
1170,T143683,122,0.0607,p2@KLB,152831,15527,"Q86Z14,B4DYH5",KLB,"klotho beta","gene with protein product"
1171,T132275,121,0.0604,p1@KLHL24,54800,25947,"C9JMQ9,C9JN72,C9JCK3,Q6TFL4,C9JQ67,C9JXR5,C9J3M5",KLHL24,"kelch like family member 24","gene with protein product"
1172,T134037,121,0.0603,p22@RBMS3,27303,13427,,RBMS3,"RNA binding motif single stranded interacting protein 3","gene with protein product"
1173,T100047,121,0.0603,p10@MYH7B,57644,15906,,MYH7B,"myosin heavy chain 7B","gene with protein product"
1174,T059018,121,0.0602,p3@MEOX1,4222,7013,,MEOX1,"mesenchyme homeobox 1","gene with protein product"
1175,T047211,121,0.0602,p4@FSD2,123722,18024,,FSD2,"fibronectin type III and SPRY domain containing 2","gene with protein product"
1176,T131094,121,0.0601,p14@SCHIP1,29970,15678,,SCHIP1,"schwannomin interacting protein 1","gene with protein product"
1177,T155158,121,0.0601,p3@MAST4,375449,19037,"O15021,F8WAQ9",MAST4,"microtubule associated serine/threonine kinase family member 4","gene with protein product"
1178,T060037,120,0.0599,p2@ATP5G1,516,841,,ATP5G1,"ATP synthase, H+ transporting, mitochondrial Fo complex subunit C1 (subunit 9)","gene with protein product"
1179,T096010,120,0.0597,p1@PGM1,5236,8905,P36871,PGM1,"phosphoglucomutase 1","gene with protein product"
1180,T200477,120,0.0597,p1@PFKFB1,5207,8872,B4DUN5,PFKFB1,"6-phosphofructo-2-kinase/fructose-2,6-biphosphatase 1","gene with protein product"
1181,T045283,119,0.0593,p1@TPM1,7168,12010,"Q9Y427,Q6ZN40,P09493",TPM1,"tropomyosin 1 (alpha)","gene with protein product"
1182,T016210,119,0.0592,p4@PLA2G16,11145,17825,P53816,PLA2G16,"phospholipase A2 group XVI","gene with protein product"
1183,T003245,118,0.0589,p4@CACNB2,783,1402,,CACNB2,"calcium voltage-gated channel auxiliary subunit beta 2","gene with protein product"
1184,T050031,118,0.0587,p1@TNRC6A,27327,11969,Q8NDV7,TNRC6A,"trinucleotide repeat containing 6A","gene with protein product"
1185,T147248,118,0.0587,p15@PAM,5066,8596,,PAM,"peptidylglycine alpha-amidating monooxygenase","gene with protein product"
1186,T100620,117,0.0583,p1@HSPA12B,116835,16193,"Q5JX83,B4DLR4",HSPA12B,"heat shock protein family A (Hsp70) member 12B","gene with protein product"
1187,T115783,117,0.0583,p63@TTN,7273,12403,E9PJ99,TTN,titin,"gene with protein product"
1188,T189194,117,0.0582,p25@GSN,2934,4620,F5H1A8,GSN,gelsolin,"gene with protein product"
1189,T113851,116,0.0579,p7@TANC1,85461,29364,,TANC1,"tetratricopeptide repeat, ankyrin repeat and coiled-coil containing 1","gene with protein product"
1190,T114418,116,0.0578,p15@XIRP2,129446,14303,A4UGR9,XIRP2,"xin actin binding repeat containing 2","gene with protein product"
1191,T007707,116,0.0578,p1@C10orf116,10974,24043,E9PE14,ADIRF,"adipogenesis regulatory factor","gene with protein product"
1192,T049493,116,0.0578,p1@NDUFB10,4716,7696,"O96000,Q96II6,A8K761",NDUFB10,"NADH:ubiquinone oxidoreductase subunit B10","gene with protein product"
1193,T087918,116,0.0577,p7@PPP1R12B,4660,7619,O60237,PPP1R12B,"protein phosphatase 1 regulatory subunit 12B","gene with protein product"
1194,T027105,115,0.0573,p2@COQ10A,93058,26515,,COQ10A,"coenzyme Q10A","gene with protein product"
1195,T087705,115,0.0572,p4@TNNT2,7139,11949,,TNNT2,"troponin T2, cardiac type","gene with protein product"
1196,T166173,114,0.0569,p4@SLC29A1,2030,11003,Q99808,SLC29A1,"solute carrier family 29 member 1 (Augustine blood group)","gene with protein product"
1197,T005608,112,0.0559,p23@ANK3,288,494,D6RHY3,ANK3,"ankyrin 3","gene with protein product"
1198,T095864,112,0.0558,p3@INADL,10207,28881,B4DE90,PATJ,"PATJ, crumbs cell polarity complex component","gene with protein product"
1199,T141382,112,0.0557,p1@NPY5R,4889,7958,Q15761,NPY5R,"neuropeptide Y receptor Y5","gene with protein product"
1200,T153497,112,0.0557,p4@PDZD2,23037,18486,,PDZD2,"PDZ domain containing 2","gene with protein product"
1201,T072742,112,0.0557,p1@SLC7A10,56301,11058,Q9NS82,SLC7A10,"solute carrier family 7 member 10","gene with protein product"
1202,T200734,112,0.0557,p5@AR,367,644,,AR,"androgen receptor","gene with protein product"
1203,T193805,112,0.0555,p11@KLF9,687,1123,Q13886,KLF9,"Kruppel like factor 9","gene with protein product"
1204,T182766,111,0.0553,p2@PCM1,5108,8727,"Q15154,C9JBL6,A2RUU9",PCM1,"pericentriolar material 1","gene with protein product"
1205,T073330,111,0.0553,p6@HSPB6,126393,26511,Q8IVN0,HSPB6,"heat shock protein family B (small) member 6","gene with protein product"
1206,T035860,111,0.0552,p4@MTA1,9112,7410,,MTA1,"metastasis associated 1","gene with protein product"
1207,T147238,109,0.0542,p7@PAM,5066,8596,"A6NMH0,P19021",PAM,"peptidylglycine alpha-amidating monooxygenase","gene with protein product"
1208,T053006,109,0.0541,p4@NOL3,8996,7869,,NOL3,"nucleolar protein 3","gene with protein product"
1209,T197425,107,0.0533,p32@FHL1,2273,3702,B7Z5T4,FHL1,"four and a half LIM domains 1","gene with protein product"
1210,T160424,107,0.0533,p17@SASH1,23328,19182,F5GYF4,SASH1,"SAM and SH3 domain containing 1","gene with protein product"
1211,T156947,107,0.0533,p15@CAST,831,1515,Q86YM9,CAST,calpastatin,"gene with protein product"
1212,T144143,107,0.0533,p4@CNGA1,1259,2148,"Q8IZM0,D6RCF1,P29973,Q4W5E3",CNGA1,"cyclic nucleotide gated channel alpha 1","gene with protein product"
1213,T095801,107,0.0532,p1@NFIA,4774,7784,B1AKN5,NFIA,"nuclear factor I A","gene with protein product"
1214,T128158,107,0.0532,p1@TIMP4,7079,11823,,TIMP4,"TIMP metallopeptidase inhibitor 4","gene with protein product"
1215,T109230,106,0.0529,p5@CSDC2,27254,30359,Q9Y534,CSDC2,"cold shock domain containing C2","gene with protein product"
1216,T001898,106,0.0528,p1@TACC2,10579,11523,Q4VXL4,TACC2,"transforming acidic coiled-coil containing protein 2","gene with protein product"
1217,T196405,106,0.0526,p1@CHRDL1,91851,29861,"Q9BU40,D3DUY6,E9PGS5,B4DMP3",CHRDL1,"chordin like 1","gene with protein product"
1218,T142606,105,0.0523,p81@SORBS2,8470,24098,,SORBS2,"sorbin and SH3 domain containing 2","gene with protein product"
1219,T028639,105,0.0523,p4@LRRC10,376132,20264,"Q5BKY1,Q3KP57",LRRC10,"leucine rich repeat containing 10","gene with protein product"
1220,T156086,105,0.0522,p19@CMYA5,202333,14305,Q8N3K9,CMYA5,"cardiomyopathy associated 5","gene with protein product"
1221,T084995,105,0.0522,p1@RGS5,8490,10001,,RGS5,"regulator of G-protein signaling 5","gene with protein product"
1222,T084203,104,0.0519,p2@DARC,2532,4035,Q5JY94,ACKR1,"atypical chemokine receptor 1 (Duffy blood group)","gene with protein product"
1223,T027825,104,0.0519,p5@DPY19L2,283417,19414,F5H1L7,DPY19L2,"dpy-19 like 2","gene with protein product"
1224,T020074,104,0.0518,p2@CHPT1,56994,17852,Q8WUD6,CHPT1,"choline phosphotransferase 1","gene with protein product"
1225,T151482,104,0.0518,p10@EBF1,1879,3126,Q9UH73,EBF1,"early B-cell factor 1","gene with protein product"
1226,T023836,104,0.0517,p2@CACNA1C,775,1390,F5H0X0,CACNA1C,"calcium voltage-gated channel subunit alpha1 C","gene with protein product"
1227,T033060,104,0.0517,p1@KIAA0564,23078,29071,"A3KMH1,A8MYW7",VWA8,"von Willebrand factor A domain containing 8","gene with protein product"
1228,T070727,103,0.0513,p6@TECR,9524,4551,Q9NZ01,TECR,"trans-2,3-enoyl-CoA reductase","gene with protein product"
1229,T009747,103,0.0512,p8@DIXDC1,85458,23695,,DIXDC1,"DIX domain containing 1","gene with protein product"
1230,T120763,103,0.0512,p1@KLHL30,377007,24770,Q0D2K2,KLHL30,"kelch like family member 30","gene with protein product"
1231,T060943,102,0.0508,p2@AKAP1,8165,367,Q92667,AKAP1,"A-kinase anchoring protein 1","gene with protein product"
1232,T106508,102,0.0508,p1@TUBA8,51807,12410,Q9NY65,TUBA8,"tubulin alpha 8","gene with protein product"
1233,T091961,102,0.0508,p3@MYOM3,127294,26679,"A6NIU4,A6NI63,Q5VTT5",MYOM3,"myomesin 3","gene with protein product"
1234,T119223,102,0.0508,p3@SPEG,10290,16901,Q15772,SPEG,"SPEG complex locus","gene with protein product"
1235,T109423,102,0.0508,p7@CYB5R3,1727,2873,P00387,CYB5R3,"cytochrome b5 reductase 3","gene with protein product"
1236,T023930,102,0.0508,p1@KCNJ8,3764,6269,,KCNJ8,"potassium voltage-gated channel subfamily J member 8","gene with protein product"
1237,T098900,101,0.0502,p7@C20orf26,26074,15872,C9JA66,CFAP61,"cilia and flagella associated protein 61","gene with protein product"
1238,T151750,100,0.0499,p5@FAM134B,54463,25964,,FAM134B,"family with sequence similarity 134 member B","gene with protein product"
1239,T051672,100,0.0498,p1@DNAJA2,10294,14884,O60884,DNAJA2,"DnaJ heat shock protein family (Hsp40) member A2","gene with protein product"
1240,T001924,100,0.0498,p14@TACC2,10579,11523,,TACC2,"transforming acidic coiled-coil containing protein 2","gene with protein product"
1241,T013095,100,0.0497,p5@C11orf21,29125,13231,,C11orf21,"chromosome 11 open reading frame 21","gene with protein product"
1242,T113852,99,0.0494,p18@TANC1,85461,29364,,TANC1,"tetratricopeptide repeat, ankyrin repeat and coiled-coil containing 1","gene with protein product"
1243,T047379,99,0.0494,p92@AKAP13,11214,371,,AKAP13,"A-kinase anchoring protein 13","gene with protein product"
1244,T165673,99,0.0493,p5@APOBEC2,10930,605,Q9Y235,APOBEC2,"apolipoprotein B mRNA editing enzyme catalytic subunit 2","gene with protein product"
1245,T170235,99,0.0493,p19@C7orf58,79974,26159,,CPED1,"cadherin like and PC-esterase domain containing 1","gene with protein product"
1246,T016211,99,0.0492,p5@PLA2G16,11145,17825,P53816,PLA2G16,"phospholipase A2 group XVI","gene with protein product"
1247,T135957,99,0.0492,p2@MAPKAPK3,7867,6888,,MAPKAPK3,"mitogen-activated protein kinase-activated protein kinase 3","gene with protein product"
1248,T021424,98,0.0488,p4@TBX5,6910,11604,Q99593,TBX5,"T-box 5","gene with protein product"
1249,T141628,98,0.0488,p10@PALLD,23022,17068,"Q8WX93,B7ZMM5,B2RTX2",PALLD,"palladin, cytoskeletal associated protein","gene with protein product"
1250,T119301,98,0.0488,p4@SLC4A3,6508,11029,"B4DR53,P48751",SLC4A3,"solute carrier family 4 member 3","gene with protein product"
1251,T167483,98,0.0487,p2@LINC00472,,21380,,LINC00472,"long intergenic non-protein coding RNA 472","RNA, long non-coding"
1252,T001344,98,0.0487,p9@ABLIM1,3983,78,F8WAB1,ABLIM1,"actin binding LIM protein 1","gene with protein product"
1253,T059721,98,0.0487,p1@SCRN2,90507,30381,"Q96FV2,E9PBV5,Q9BU04",SCRN2,"secernin 2","gene with protein product"
1254,T000900,98,0.0487,p16@CELF2,10659,2550,"E9PC62,O95319",CELF2,"CUGBP Elav-like family member 2","gene with protein product"
1255,T187213,97,0.0484,p7@C8orf83,286144,27828,,TRIQK,"triple QxxK/R motif containing","gene with protein product"
1256,T185953,97,0.0483,p3@TRIM55,84675,14215,Q9BYV6,TRIM55,"tripartite motif containing 55","gene with protein product"
1257,T142611,97,0.0483,p16@SORBS2,8470,24098,,SORBS2,"sorbin and SH3 domain containing 2","gene with protein product"
1258,T099585,97,0.0483,p2@C20orf160,140706,16153,Q9NUG4,CCM2L,"CCM2 like scaffolding protein","gene with protein product"
1259,T188018,96,0.0478,p1@DMRT2,10655,2935,"Q9Y5R5,Q05C20,Q5HYK2",DMRT2,"doublesex and mab-3 related transcription factor 2","gene with protein product"
1260,T028826,96,0.0477,p9@PTPRB,5787,9665,"P23467,B7ZKS8,F5H3G6",PTPRB,"protein tyrosine phosphatase, receptor type B","gene with protein product"
1261,T150104,95,0.0474,p10@SH3RF2,153769,26299,,SH3RF2,"SH3 domain containing ring finger 2","gene with protein product"
1262,T097986,95,0.0473,p2@BCAR3,8412,973,O75815,BCAR3,"breast cancer anti-estrogen resistance 3","gene with protein product"
1263,T147240,95,0.0473,p3@PAM,5066,8596,"A6NMH0,P19021",PAM,"peptidylglycine alpha-amidating monooxygenase","gene with protein product"
1264,T084557,95,0.0471,p1@SLC25A34,284723,27653,Q6PIV7,SLC25A34,"solute carrier family 25 member 34","gene with protein product"
1265,T060822,94,0.0469,p1@MMD,23531,7153,Q15546,MMD,"monocyte to macrophage differentiation associated","gene with protein product"
1266,T020640,94,0.0469,p23@CSDA,8531,2428,,YBX3,"Y-box binding protein 3","gene with protein product"
1267,T014266,94,0.0468,p2@C11orf96,387763,38675,Q7Z7L8,C11orf96,"chromosome 11 open reading frame 96","gene with protein product"
1268,T128273,94,0.0468,p2@ADCY5,111,236,O95622,ADCY5,"adenylate cyclase 5","gene with protein product"
1269,T085304,94,0.0468,p1@DCAF6,55827,30002,"Q58WW2,B4DNB8,F2Z305",DCAF6,"DDB1 and CUL4 associated factor 6","gene with protein product"
1270,T114427,93,0.0464,p8@XIRP2,129446,14303,A4UGR9,XIRP2,"xin actin binding repeat containing 2","gene with protein product"
1271,T053274,93,0.0463,p5@SLC7A6,9057,11064,Q92536,SLC7A6,"solute carrier family 7 member 6","gene with protein product"
1272,T115628,93,0.0463,p86@TTN,7273,12403,Q8WZ42,TTN,titin,"gene with protein product"
1273,T018578,93,0.0462,p3@WNT11,7481,12776,O96014,WNT11,"Wnt family member 11","gene with protein product"
1274,T032086,92,0.0458,p2@C1QTNF9,338872,28732,P0C862,C1QTNF9,"C1q and tumor necrosis factor related protein 9","gene with protein product"
1275,T166818,92,0.0458,p9@MLIP,90523,21355,,MLIP,"muscular LMNA interacting protein","gene with protein product"
1276,T039795,91,0.0454,p1@VTI1B,10490,17793,Q9UEU0,VTI1B,"vesicle transport through interaction with t-SNAREs 1B","gene with protein product"
1277,T137133,91,0.0454,p2@LMOD3,56203,6649,Q0VAK6,LMOD3,"leiomodin 3","gene with protein product"
1278,T073041,91,0.0454,p5@FXYD1,5348,4025,O00168,FXYD1,"FXYD domain containing ion transport regulator 1","gene with protein product"
1279,T123370,91,0.0453,p4@STON1-GTF2A1L,286749,30651,"Q53S48,Q3MIM1",STON1-GTF2A1L,"STON1-GTF2A1L readthrough",readthrough
1280,T006961,91,0.0453,p2@ITIH5,80760,21449,Q5T663,ITIH5,"inter-alpha-trypsin inhibitor heavy chain family member 5","gene with protein product"
1281,T028641,90,0.0448,p1@LRRC10,376132,20264,Q5BKY1,LRRC10,"leucine rich repeat containing 10","gene with protein product"
1282,T127850,89,0.0444,p7@ARHGAP31,57514,29216,Q2M1Z3,ARHGAP31,"Rho GTPase activating protein 31","gene with protein product"
1283,T163464,89,0.0444,p6@NQO2,4835,7856,P16083,NQO2,"NAD(P)H quinone dehydrogenase 2","gene with protein product"
1284,T142302,89,0.0444,p2@RWDD4,201965,23750,"D6RCM5,D6RDH6",RWDD4,"RWD domain containing 4","gene with protein product"
1285,T115347,87,0.0434,p75@TTN,7273,12403,Q8WZ42,TTN,titin,"gene with protein product"
1286,T097145,87,0.0434,p11@RERE,473,9965,Q9P2R6,RERE,"arginine-glutamic acid dipeptide repeats","gene with protein product"
1287,T140548,87,0.0434,p4@SH3D19,152503,30418,,SH3D19,"SH3 domain containing 19","gene with protein product"
1288,T176450,87,0.0433,p1@GBAS,2631,4179,"O75323,C9IYJ3,F8WBI5",GBAS,"glioblastoma amplified sequence","gene with protein product"
1289,T089362,87,0.0433,p4@LPGAT1,9926,28985,,LPGAT1,"lysophosphatidylglycerol acyltransferase 1","gene with protein product"
1290,T142412,85,0.0424,p6@ACSL1,2180,3569,B7Z452,ACSL1,"acyl-CoA synthetase long-chain family member 1","gene with protein product"
1291,T069034,85,0.0423,p3@PTPRM,5797,9675,"A7MBN1,P28827",PTPRM,"protein tyrosine phosphatase, receptor type M","gene with protein product"
1292,T013162,85,0.0423,p4@KCNQ1,3784,6294,,KCNQ1,"potassium voltage-gated channel subfamily Q member 1","gene with protein product"
1293,T088139,84,0.0419,p7@FMOD,2331,3774,,FMOD,fibromodulin,"gene with protein product"
1294,T100049,84,0.0417,p3@MYH7B,57644,15906,A7E2Y1,MYH7B,"myosin heavy chain 7B","gene with protein product"
1295,T052511,83,0.0414,p1@COQ9,57017,25302,O75208,COQ9,"coenzyme Q9","gene with protein product"
1296,T198363,83,0.0414,p5@TKTL1,8277,11835,,TKTL1,"transketolase like 1","gene with protein product"
1297,T067566,83,0.0413,p8@ACAA2,10449,83,"B3KNP8,P42765",ACAA2,"acetyl-CoA acyltransferase 2","gene with protein product"
1298,T051649,82,0.0409,p2@MYLK3,91807,29826,B7Z5U8,MYLK3,"myosin light chain kinase 3","gene with protein product"
1299,T063268,81,0.0404,p3@ZBTB4,57659,23847,Q9P1Z0,ZBTB4,"zinc finger and BTB domain containing 4","gene with protein product"
1300,T114417,81,0.0404,p5@XIRP2,129446,14303,A4UGR9,XIRP2,"xin actin binding repeat containing 2","gene with protein product"
1301,T117976,81,0.0403,p5@ACADL,33,88,,ACADL,"acyl-CoA dehydrogenase, long chain","gene with protein product"
1302,T158791,81,0.0403,p2@KIAA0408,9729,21636,,KIAA0408,KIAA0408,"gene with protein product"
1303,T009344,80,0.0399,p1@ACAT1,38,93,G3XAB4,ACAT1,"acetyl-CoA acetyltransferase 1","gene with protein product"
1304,T115918,80,0.0399,p12@TTN,7273,12403,,TTN,titin,"gene with protein product"
1305,T174477,80,0.0398,p4@HIBADH,11112,4907,,HIBADH,"3-hydroxyisobutyrate dehydrogenase","gene with protein product"
1306,T009690,80,0.0398,p11@CRYAB,1410,2389,P02511,CRYAB,"crystallin alpha B","gene with protein product"
1307,T054824,79,0.0394,p3@FBXO31,79791,16510,Q5XUX0,FBXO31,"F-box protein 31","gene with protein product"
1308,T084556,79,0.0393,p2@SLC25A34,284723,27653,Q6PIV7,SLC25A34,"solute carrier family 25 member 34","gene with protein product"
1309,T037313,79,0.0393,p1@FITM1,161247,33714,,FITM1,"fat storage inducing transmembrane protein 1","gene with protein product"
1310,T107977,79,0.0392,p6@SLC5A1,6523,11036,,SLC5A1,"solute carrier family 5 member 1","gene with protein product"
1311,T119293,78,0.0389,p22@SLC4A3,6508,11029,P48751,SLC4A3,"solute carrier family 4 member 3","gene with protein product"
1312,T032953,78,0.0389,p2@FOXO1,2308,3819,Q12778,FOXO1,"forkhead box O1","gene with protein product"
1313,T131166,78,0.0388,p14@KPNA4,3840,6397,O00629,KPNA4,"karyopherin subunit alpha 4","gene with protein product"
1314,T109215,78,0.0388,p1@TOB2,10766,11980,B0QXZ4,TOB2,"transducer of ERBB2, 2","gene with protein product"
1315,T191785,78,0.0388,p19@NFIB,4781,7785,Q5VW26,NFIB,"nuclear factor I B","gene with protein product"
1316,T157333,78,0.0387,p35@GCNT2,2651,4204,Q8NFS9,GCNT2,"glucosaminyl (N-acetyl) transferase 2, I-branching enzyme (I blood group)","gene with protein product"
1317,T115965,77,0.0384,p3@CCDC141,285025,26821,,CCDC141,"coiled-coil domain containing 141","gene with protein product"
1318,T115785,77,0.0384,p43@TTN,7273,12403,E9PJ99,TTN,titin,"gene with protein product"
1319,T106506,77,0.0384,p8@TUBA8,51807,12410,"B3KPW9,Q9NY65",TUBA8,"tubulin alpha 8","gene with protein product"
1320,T153507,77,0.0384,p2@PDZD2,23037,18486,,PDZD2,"PDZ domain containing 2","gene with protein product"
1321,T012064,77,0.0383,p3@PDE3B,5140,8779,B7ZM37,PDE3B,"phosphodiesterase 3B","gene with protein product"
1322,T023838,77,0.0383,p6@CACNA1C,775,1390,F5H0X0,CACNA1C,"calcium voltage-gated channel subunit alpha1 C","gene with protein product"
1323,T153918,77,0.0383,p1@EGFLAM,133584,26810,,EGFLAM,"EGF like, fibronectin type III and laminin G domains","gene with protein product"
1324,T121938,77,0.0383,p1@FAM179A,165186,33715,,TOGARAM2,"TOG array regulator of axonemal microtubules 2","gene with protein product"
1325,T060848,76,0.0380,p2@TMEM100,55273,25607,Q9NV29,TMEM100,"transmembrane protein 100","gene with protein product"
1326,T114415,76,0.0379,p74@XIRP2,129446,14303,A4UGR9,XIRP2,"xin actin binding repeat containing 2","gene with protein product"
1327,T032405,76,0.0379,p13@MTUS2,23281,20595,,MTUS2,"microtubule associated tumor suppressor candidate 2","gene with protein product"
1328,T032594,76,0.0379,p12@FRY,10129,20367,B1ALA1,FRY,"FRY microtubule binding protein","gene with protein product"
1329,T196402,76,0.0378,p8@CHRDL1,91851,29861,,CHRDL1,"chordin like 1","gene with protein product"
1330,T073324,76,0.0378,p19@HSPB6,126393,26511,,HSPB6,"heat shock protein family B (small) member 6","gene with protein product"
1331,T131103,76,0.0378,p41@SCHIP1,29970,15678,,SCHIP1,"schwannomin interacting protein 1","gene with protein product"
1332,T177234,75,0.0374,p2@MDH2,4191,6971,E9PDB2,MDH2,"malate dehydrogenase 2","gene with protein product"
1333,T032398,75,0.0374,p1@MTUS2,23281,20595,Q5JR59,MTUS2,"microtubule associated tumor suppressor candidate 2","gene with protein product"
1334,T147024,75,0.0374,p11@PDLIM5,10611,17468,,PDLIM5,"PDZ and LIM domain 5","gene with protein product"
1335,T089210,75,0.0373,p7@IRF6,3664,6121,B1AJU4,IRF6,"interferon regulatory factor 6","gene with protein product"
1336,T041224,75,0.0373,p2@FOXN3,1112,1928,,FOXN3,"forkhead box N3","gene with protein product"
1337,T183213,74,0.0369,p8@PPP3CC,5533,9316,B4DRT5,PPP3CC,"protein phosphatase 3 catalytic subunit gamma","gene with protein product"
1338,T137131,74,0.0368,p4@LMOD3,56203,6649,Q0VAK6,LMOD3,"leiomodin 3","gene with protein product"
1339,T117216,74,0.0367,p15@CFLAR,8837,1876,E9PAP3,CFLAR,"CASP8 and FADD like apoptosis regulator","gene with protein product"
1340,T115662,73,0.0364,p61@TTN,7273,12403,A2TKE4,TTN,titin,"gene with protein product"
1341,T193401,73,0.0364,p2@RCL1,10171,17687,Q5VZU3,RCL1,"RNA terminal phosphate cyclase like 1","gene with protein product"
1342,T087703,73,0.0363,p6@TNNT2,7139,11949,,TNNT2,"troponin T2, cardiac type","gene with protein product"
1343,T160425,73,0.0363,p13@SASH1,23328,19182,F5GYF4,SASH1,"SAM and SH3 domain containing 1","gene with protein product"
1344,T020697,72,0.0359,p1@ISCU,23479,29882,"Q9H1K1,B1P7G3,B3KQ30,B4DNC9,F5H672,F5H5N2",ISCU,"iron-sulfur cluster assembly enzyme","gene with protein product"
1345,T087921,72,0.0359,p8@PPP1R12B,4660,7619,O60237,PPP1R12B,"protein phosphatase 1 regulatory subunit 12B","gene with protein product"
1346,T122297,72,0.0359,p8@TRAPPC12,51112,24284,,TRAPPC12,"trafficking protein particle complex 12","gene with protein product"
1347,T147461,71,0.0354,p13@FBXL17,64839,13615,,FBXL17,"F-box and leucine rich repeat protein 17","gene with protein product"
1348,T197529,71,0.0354,p31@ARHGEF6,9459,685,"F5H8B2,Q15052,Q8N4Q3",ARHGEF6,"Rac/Cdc42 guanine nucleotide exchange factor 6","gene with protein product"
1349,T061395,71,0.0354,p1@CA4,762,1375,"P22748,Q6FHI7",CA4,"carbonic anhydrase 4","gene with protein product"
1350,T151524,71,0.0353,p7@TTC1,7265,12391,,TTC1,"tetratricopeptide repeat domain 1","gene with protein product"
1351,T165610,71,0.0353,p1@MOCS1,4337,7190,F8WCK1,MOCS1,"molybdenum cofactor synthesis 1","gene with protein product"
1352,T179052,70,0.0349,p2@RGS22,26166,24499,A8K944,RGS22,"regulator of G-protein signaling 22","gene with protein product"
1353,T087706,70,0.0349,p15@TNNT2,7139,11949,,TNNT2,"troponin T2, cardiac type","gene with protein product"
1354,T079679,70,0.0349,p2@AGL,178,321,P35573,AGL,"amylo-alpha-1, 6-glucosidase, 4-alpha-glucanotransferase","gene with protein product"
1355,T054444,70,0.0349,p1@MLYCD,23417,7150,O95822,MLYCD,"malonyl-CoA decarboxylase","gene with protein product"
1356,T021782,70,0.0349,p1@HSPB8,26353,30171,Q9UJY1,HSPB8,"heat shock protein family B (small) member 8","gene with protein product"
1357,T133947,69,0.0345,p2@NEK10,152110,18592,Q6ZWH5,NEK10,"NIMA related kinase 10","gene with protein product"
1358,T179045,69,0.0343,p1@COX6C,1345,2285,P09669,COX6C,"cytochrome c oxidase subunit 6C","gene with protein product"
1359,T135959,68,0.0339,p4@MAPKAPK3,7867,6888,"Q16644,B5BUJ8",MAPKAPK3,"mitogen-activated protein kinase-activated protein kinase 3","gene with protein product"
1360,T032404,68,0.0338,p2@MTUS2,23281,20595,,MTUS2,"microtubule associated tumor suppressor candidate 2","gene with protein product"
1361,T009645,68,0.0338,p5@PPP2R1B,5519,9303,E9PNM7,PPP2R1B,"protein phosphatase 2 scaffold subunit Abeta","gene with protein product"
1362,T153583,67,0.0334,p2@NPR3,4883,7945,"E7EPG9,B4DT84",NPR3,"natriuretic peptide receptor 3","gene with protein product"
1363,T178553,67,0.0334,p4@PDK4,5166,8812,,PDK4,"pyruvate dehydrogenase kinase 4","gene with protein product"
1364,T049494,67,0.0333,p2@NDUFB10,4716,7696,Q96II6,NDUFB10,"NADH:ubiquinone oxidoreductase subunit B10","gene with protein product"
1365,T135857,67,0.0333,p2@C3orf45,132228,26781,Q8N112,LSMEM2,"leucine rich single-pass membrane protein 2","gene with protein product"
1366,T154880,67,0.0333,p73@PDE4D,5144,8783,Q08499,PDE4D,"phosphodiesterase 4D","gene with protein product"
1367,T060245,66,0.0329,p2@PDK2,5164,8810,,PDK2,"pyruvate dehydrogenase kinase 2","gene with protein product"
1368,T059766,66,0.0329,p25@NFE2L1,4779,7781,A3KMG6,NFE2L1,"nuclear factor, erythroid 2 like 1","gene with protein product"
1369,T114802,66,0.0329,p5@PDK1,5163,8809,E9PD65,PDK1,"pyruvate dehydrogenase kinase 1","gene with protein product"
1370,T131175,66,0.0329,p3@PPM1L,151742,16381,,PPM1L,"protein phosphatase, Mg2+/Mn2+ dependent 1L","gene with protein product"
1371,T020175,66,0.0329,p2@IGF1,3479,5464,"Q14620,Q9NP10",IGF1,"insulin like growth factor 1","gene with protein product"
1372,T095863,65,0.0325,p4@INADL,10207,28881,B4DE90,PATJ,"PATJ, crumbs cell polarity complex component","gene with protein product"
1373,T138190,65,0.0324,p4@C3orf26,84319,28666,"E9PHS3,B4DUM1",CMSS1,"cms1 ribosomal small subunit homolog (yeast)","gene with protein product"
1374,T152367,65,0.0324,p3@NKX2-5,1482,2488,P52952,NKX2-5,"NK2 homeobox 5","gene with protein product"
1375,T166874,65,0.0324,p7@COL21A1,81578,17025,,COL21A1,"collagen type XXI alpha 1 chain","gene with protein product"
1376,T001361,65,0.0324,p17@ABLIM1,3983,78,,ABLIM1,"actin binding LIM protein 1","gene with protein product"
1377,T131097,65,0.0323,p25@SCHIP1,29970,15678,,SCHIP1,"schwannomin interacting protein 1","gene with protein product"
1378,T142577,65,0.0323,p66@SORBS2,8470,24098,,SORBS2,"sorbin and SH3 domain containing 2","gene with protein product"
1379,T169494,64,0.0319,p1@PRKAR2B,5577,9392,"B3KY43,P31323",PRKAR2B,"protein kinase cAMP-dependent type II regulatory subunit beta","gene with protein product"
1380,T006962,64,0.0319,p1@ITIH5,80760,21449,Q5T663,ITIH5,"inter-alpha-trypsin inhibitor heavy chain family member 5","gene with protein product"
1381,T127755,64,0.0319,p3@LSAMP,4045,6705,,LSAMP,"limbic system-associated membrane protein","gene with protein product"
1382,T009808,64,0.0319,p4@BCO2,83875,18503,"E9PJJ1,Q8IUS0,Q9BYV7",BCO2,"beta-carotene oxygenase 2","gene with protein product"
1383,T187646,63,0.0314,p3@TMOD1,7111,11871,P28289,TMOD1,"tropomodulin 1","gene with protein product"
1384,T068054,63,0.0314,p25@ALPK2,115701,20565,Q86TB3,ALPK2,"alpha kinase 2","gene with protein product"
1385,T001338,63,0.0314,p14@ABLIM1,3983,78,,ABLIM1,"actin binding LIM protein 1","gene with protein product"
1386,T181180,63,0.0314,p8@TMEM71,137835,26572,,TMEM71,"transmembrane protein 71","gene with protein product"
1387,T101238,63,0.0313,p19@DBNDD2,55861,15881,,DBNDD2,"dysbindin domain containing 2","gene with protein product"
1388,T030526,62,0.0310,p1@NDUFA12,55967,23987,"F8VXI1,F8VQS7",NDUFA12,"NADH:ubiquinone oxidoreductase subunit A12","gene with protein product"
1389,T142576,62,0.0310,p17@SORBS2,8470,24098,,SORBS2,"sorbin and SH3 domain containing 2","gene with protein product"
1390,T092687,62,0.0309,p4@CEP85,64793,25309,,CEP85,"centrosomal protein 85","gene with protein product"
1391,T037129,62,0.0309,p1@MIR208B,100126336,33669,,MIR208B,"microRNA 208b","RNA, micro"
1392,T151840,62,0.0309,p22@ODZ2,57451,29943,,TENM2,"teneurin transmembrane protein 2","gene with protein product"
1393,T049679,62,0.0308,p2@SLC9A3R2,9351,11076,,SLC9A3R2,"SLC9A3 regulator 2","gene with protein product"
1394,T189830,62,0.0308,p14@SH2D3C,10044,16884,,SH2D3C,"SH2 domain containing 3C","gene with protein product"
1395,T153289,62,0.0308,p12@LRRC14B,389257,37268,,LRRC14B,"leucine rich repeat containing 14B","gene with protein product"
1396,T003533,62,0.0308,p1@MSRB2,22921,17061,Q9Y3D2,MSRB2,"methionine sulfoxide reductase B2","gene with protein product"
1397,T141384,61,0.0304,p3@NPY1R,4886,7956,D6RC44,NPY1R,"neuropeptide Y receptor Y1","gene with protein product"
1398,T065467,61,0.0304,p1@ARHGEF15,22899,15590,O94989,ARHGEF15,"Rho guanine nucleotide exchange factor 15","gene with protein product"
1399,T006894,61,0.0304,p2@ADK,132,257,P55263,ADK,"adenosine kinase","gene with protein product"
1400,T042646,61,0.0303,p33@KLF13,51621,13672,,KLF13,"Kruppel like factor 13","gene with protein product"
1401,T035864,60,0.0299,p18@CRIP2,1397,2361,B7Z6C0,CRIP2,"cysteine rich protein 2","gene with protein product"
1402,T020803,60,0.0299,p10@ACACB,32,85,F5H5C3,ACACB,"acetyl-CoA carboxylase beta","gene with protein product"
1403,T172743,59,0.0294,p3@ASB10,136371,17185,Q8WXI3,ASB10,"ankyrin repeat and SOCS box containing 10","gene with protein product"
1404,T115667,59,0.0294,p5@TTN,7273,12403,A2TKE4,TTN,titin,"gene with protein product"
1405,T130534,59,0.0294,p47@MBNL1,4154,6923,C9JCX1,MBNL1,"muscleblind like splicing regulator 1","gene with protein product"
1406,T027679,59,0.0293,p10@SLC16A7,9194,10928,F8W0N3,SLC16A7,"solute carrier family 16 member 7","gene with protein product"
1407,T146844,59,0.0293,p3@FAM13A,10144,19367,O94988,FAM13A,"family with sequence similarity 13 member A","gene with protein product"
1408,T114393,58,0.0289,p2@XIRP2,129446,14303,A4UGR9,XIRP2,"xin actin binding repeat containing 2","gene with protein product"
1409,T194356,58,0.0289,p1@GKAP1,80318,17496,Q5VSY0,GKAP1,"G kinase anchoring protein 1","gene with protein product"
1410,T115771,58,0.0289,p8@TTN,7273,12403,,TTN,titin,"gene with protein product"
1411,T085935,58,0.0289,p5@KIAA0040,9674,28950,Q15053,KIAA0040,KIAA0040,"gene with protein product"
1412,T028638,58,0.0288,p3@LRRC10,376132,20264,"Q5BKY1,Q3B873,Q3KP57",LRRC10,"leucine rich repeat containing 10","gene with protein product"
1413,T079730,57,0.0285,p1@LRRC39,127495,28228,Q96DD0,LRRC39,"leucine rich repeat containing 39","gene with protein product"
1414,T024041,57,0.0284,p4@SOX5,6660,11201,P35711,SOX5,"SRY-box 5","gene with protein product"
1415,T073340,57,0.0284,p10@HSPB6,126393,26511,Q8IVN0,HSPB6,"heat shock protein family B (small) member 6","gene with protein product"
1416,T119174,57,0.0284,p1@DES,1674,2770,"P17661,Q53SB5",DES,desmin,"gene with protein product"
1417,T005765,57,0.0284,p5@ARID5B,84159,17362,Q14865,ARID5B,"AT-rich interaction domain 5B","gene with protein product"
1418,T116722,57,0.0283,p7@SDPR,8436,10690,O95810,SDPR,"serum deprivation response","gene with protein product"
1419,T166185,56,0.0280,p6@SLC29A1,2030,11003,Q99808,SLC29A1,"solute carrier family 29 member 1 (Augustine blood group)","gene with protein product"
1420,T189192,56,0.0279,p8@GSN,2934,4620,,GSN,gelsolin,"gene with protein product"
1421,T122760,56,0.0279,p30@SLC8A1,6546,11068,P32418,SLC8A1,"solute carrier family 8 member A1","gene with protein product"
1422,T035867,56,0.0279,p29@CRIP2,1397,2361,,CRIP2,"cysteine rich protein 2","gene with protein product"
1423,T142595,56,0.0279,p42@SORBS2,8470,24098,,SORBS2,"sorbin and SH3 domain containing 2","gene with protein product"
1424,T032450,55,0.0274,p5@KATNAL1,84056,28361,Q9BW62,KATNAL1,"katanin catalytic subunit A1 like 1","gene with protein product"
1425,T055764,55,0.0274,p1@TLCD2,727910,33522,A6NGC4,TLCD2,"TLC domain containing 2","gene with protein product"
1426,T068048,55,0.0273,p8@ALPK2,115701,20565,Q86TB3,ALPK2,"alpha kinase 2","gene with protein product"
1427,T192377,54,0.0269,p9@VLDLR,7436,12698,Q5VVF8,VLDLR,"very low density lipoprotein receptor","gene with protein product"
1428,T175010,54,0.0269,p1@TBX20,57057,11598,Q9UMR3,TBX20,"T-box 20","gene with protein product"
1429,T088146,54,0.0269,p2@FMOD,2331,3774,,FMOD,fibromodulin,"gene with protein product"
1430,T115782,54,0.0269,p155@TTN,7273,12403,E9PJ99,TTN,titin,"gene with protein product"
1431,T088326,53,0.0265,p9@PIK3C2B,5287,8972,Q5SWA0,PIK3C2B,"phosphatidylinositol-4-phosphate 3-kinase catalytic subunit type 2 beta","gene with protein product"
1432,T114430,53,0.0264,p25@XIRP2,129446,14303,,XIRP2,"xin actin binding repeat containing 2","gene with protein product"
1433,T187214,53,0.0264,p14@C8orf83,286144,27828,,TRIQK,"triple QxxK/R motif containing","gene with protein product"
1434,T115428,53,0.0263,p77@TTN,7273,12403,,TTN,titin,"gene with protein product"
1435,T043662,53,0.0263,p1@ZFP106,64397,23240,E9PE29,NA,NA,NA
1436,T158594,52,0.0260,p6@TRDN,10345,12261,"Q5SWK9,Q13061,Q8IVK2",TRDN,triadin,"gene with protein product"
1437,T184436,52,0.0259,p1@PROSC,11212,9457,"O94903,E5RFZ4,E5RFX7,E5RG77",PROSC,"proline synthetase cotranscribed homolog (bacterial)","gene with protein product"
1438,T032449,52,0.0258,p3@KATNAL1,84056,28361,Q9BW62,KATNAL1,"katanin catalytic subunit A1 like 1","gene with protein product"
1439,T012738,51,0.0254,p5@NAV2-AS2,,40743,,NAV2-AS2,"NAV2 antisense RNA 2","RNA, long non-coding"
1440,T188355,51,0.0254,"p1@PALM2,p3@PALM2-AKAP2","445815,114299","33529,15845","Q9Y2D5,Q8IXS6",PALM2-AKAP2,"PALM2-AKAP2 readthrough",readthrough
1441,T104744,51,0.0254,p1@ITSN1,6453,6183,C9JXS9,ITSN1,"intersectin 1","gene with protein product"
1442,T073323,51,0.0254,p15@HSPB6,126393,26511,,HSPB6,"heat shock protein family B (small) member 6","gene with protein product"
1443,T131099,51,0.0254,p16@SCHIP1,29970,15678,,SCHIP1,"schwannomin interacting protein 1","gene with protein product"
1444,T185694,51,0.0254,p8@ASPH,444,757,,ASPH,"aspartate beta-hydroxylase","gene with protein product"
1445,T172808,50,0.0249,p15@PRKAG2,51422,9386,E9PGP6,PRKAG2,"protein kinase AMP-activated non-catalytic subunit gamma 2","gene with protein product"
1446,T126748,50,0.0249,p2@TMEM111,"55831,401052",23999,B3KMQ7,EMC3,"ER membrane protein complex subunit 3","gene with protein product"
1447,T091960,50,0.0249,p1@MYOM3,127294,26679,"A6NIU4,A6NI63,Q5VTT5",MYOM3,"myomesin 3","gene with protein product"
1448,T136595,50,0.0249,p4@SLMAP,7871,16643,"C9JA20,C9JCH4",SLMAP,"sarcolemma associated protein","gene with protein product"
1449,T100034,50,0.0249,p2@ACSS2,55902,15814,"C9JY31,F8WB02,F8WCJ4,F8WC73,B4DEH9,C9JXD9,C9IYL0,B3KUV2",ACSS2,"acyl-CoA synthetase short-chain family member 2","gene with protein product"
1450,T073341,50,0.0249,p1@HSPB6,126393,26511,"O14558,E9PCI5",HSPB6,"heat shock protein family B (small) member 6","gene with protein product"
1451,T096827,50,0.0249,p31@NEXN,91624,29557,Q0ZGT2,NEXN,"nexilin F-actin binding protein","gene with protein product"
1452,T175600,50,0.0249,p1@PGAM2,5224,8889,,PGAM2,"phosphoglycerate mutase 2","gene with protein product"
1453,T115315,50,0.0248,p167@TTN,7273,12403,Q8WZ42,TTN,titin,"gene with protein product"
1454,T146597,49,0.0245,p6@AFF1,4299,7135,D6RAU0,AFF1,"AF4/FMR2 family member 1","gene with protein product"
1455,T005310,49,0.0244,p4@NET1,10276,14592,"Q5SQI5,Q7Z628",NET1,"neuroepithelial cell transforming 1","gene with protein product"
1456,T064236,49,0.0244,p5@C1QTNF1,114897,14324,Q9BXJ1,C1QTNF1,"C1q and tumor necrosis factor related protein 1","gene with protein product"
1457,T115663,49,0.0244,p34@TTN,7273,12403,A2TKE4,TTN,titin,"gene with protein product"
1458,T062295,49,0.0244,p2@ABCA9,10350,39,"Q8IUA7,F8W6V5",ABCA9,"ATP binding cassette subfamily A member 9","gene with protein product"
1459,T158587,48,0.0239,p5@TRDN,10345,12261,"E9PEX4,Q13061,F5H5I1,Q8IVK2,Q6NSB8",TRDN,triadin,"gene with protein product"
1460,T035720,48,0.0239,p2@C14orf180,400258,33795,Q8N912,C14orf180,"chromosome 14 open reading frame 180","gene with protein product"
1461,T087696,48,0.0239,p10@TNNT2,7139,11949,,TNNT2,"troponin T2, cardiac type","gene with protein product"
1462,T147239,48,0.0239,p4@PAM,5066,8596,"A6NMH0,P19021",PAM,"peptidylglycine alpha-amidating monooxygenase","gene with protein product"
1463,T150813,48,0.0239,p1@GPX3,,4555,Q6NXQ3,GPX3,"glutathione peroxidase 3","gene with protein product"
1464,T114422,48,0.0239,p12@XIRP2,129446,14303,A4UGR9,XIRP2,"xin actin binding repeat containing 2","gene with protein product"
1465,T133494,48,0.0239,p2@C3orf43,255798,27407,Q147U7,SMCO1,"single-pass membrane protein with coiled-coil domains 1","gene with protein product"
1466,T131100,48,0.0239,p40@SCHIP1,29970,15678,,SCHIP1,"schwannomin interacting protein 1","gene with protein product"
1467,T186099,47,0.0235,p2@PREX2,80243,22950,,PREX2,"phosphatidylinositol-3,4,5-trisphosphate dependent Rac exchange factor 2","gene with protein product"
1468,T160771,47,0.0235,p61@SYNE1,23345,17089,F8WAI0,SYNE1,"spectrin repeat containing nuclear envelope protein 1","gene with protein product"
1469,T097151,47,0.0234,p7@RERE,473,9965,,RERE,"arginine-glutamic acid dipeptide repeats","gene with protein product"
1470,T188021,47,0.0234,p3@DMRT2,10655,2935,,DMRT2,"doublesex and mab-3 related transcription factor 2","gene with protein product"
1471,T137628,47,0.0234,p7@LMCD1,29995,6633,Q9NZU5,LMCD1,"LIM and cysteine rich domains 1","gene with protein product"
1472,T114408,46,0.0229,p20@XIRP2,129446,14303,,XIRP2,"xin actin binding repeat containing 2","gene with protein product"
1473,T109222,46,0.0229,p1@ACO2,50,118,"Q99798,A2A274,B4DEC3,F5H2A5",ACO2,"aconitase 2","gene with protein product"
1474,T027931,46,0.0229,p4@RASSF3,283349,14271,"Q86WH2,Q496A9",RASSF3,"Ras association domain family member 3","gene with protein product"
1475,T114423,46,0.0229,p45@XIRP2,129446,14303,A4UGR9,XIRP2,"xin actin binding repeat containing 2","gene with protein product"
1476,T095363,46,0.0229,p3@ECHDC2,55268,23408,,ECHDC2,"enoyl-CoA hydratase domain containing 2","gene with protein product"
1477,T137173,46,0.0229,p1@MITF,4286,7105,O75030,MITF,"melanogenesis associated transcription factor","gene with protein product"
1478,T114425,46,0.0229,p7@XIRP2,129446,14303,A4UGR9,XIRP2,"xin actin binding repeat containing 2","gene with protein product"
1479,T154443,45,0.0225,p8@ITGA1,3672,6134,P56199,ITGA1,"integrin subunit alpha 1","gene with protein product"
1480,T168358,45,0.0225,p1@RRAGD,58528,19903,Q9NQL2,RRAGD,"Ras related GTP binding D","gene with protein product"
1481,T107024,45,0.0224,p4@CHCHD10,400916,15559,,CHCHD10,"coiled-coil-helix-coiled-coil-helix domain containing 10","gene with protein product"
1482,T072986,45,0.0224,p8@SCN1B,6324,10586,Q07699,SCN1B,"sodium voltage-gated channel beta subunit 1","gene with protein product"
1483,T073042,45,0.0224,p17@FXYD1,5348,4025,O00168,FXYD1,"FXYD domain containing ion transport regulator 1","gene with protein product"
1484,T173354,45,0.0224,p2@BZW2,28969,18808,"Q75MG1,Q96JW5",BZW2,"basic leucine zipper and W2 domains 2","gene with protein product"
1485,T135386,45,0.0224,p56@MAP4,4134,6862,Q86V26,MAP4,"microtubule associated protein 4","gene with protein product"
1486,T019685,45,0.0224,p5@AMOTL1,154810,17811,F8WDH4,AMOTL1,"angiomotin like 1","gene with protein product"
1487,T133460,44,0.0219,p1@PCYT1A,5130,8754,"P49585,C9J050,B4E322,F8WBU2,C9J2E1,F8WAZ5",PCYT1A,"phosphate cytidylyltransferase 1, choline, alpha","gene with protein product"
1488,T087916,44,0.0219,p18@PPP1R12B,4660,7619,O60237,PPP1R12B,"protein phosphatase 1 regulatory subunit 12B","gene with protein product"
1489,T035865,44,0.0219,p20@CRIP2,1397,2361,B7Z6C0,CRIP2,"cysteine rich protein 2","gene with protein product"
1490,T115532,44,0.0219,p119@TTN,7273,12403,,TTN,titin,"gene with protein product"
1491,T197513,44,0.0219,p6@ARHGEF6,9459,685,,ARHGEF6,"Rac/Cdc42 guanine nucleotide exchange factor 6","gene with protein product"
1492,T114443,44,0.0219,p13@XIRP2,129446,14303,,XIRP2,"xin actin binding repeat containing 2","gene with protein product"
1493,T023265,44,0.0219,p2@EMP1,2012,3333,"P54849,F5H2P5",EMP1,"epithelial membrane protein 1","gene with protein product"
1494,T036437,44,0.0219,p3@ZNF219,51222,13011,Q9P2Y4,ZNF219,"zinc finger protein 219","gene with protein product"
1495,T096709,44,0.0219,p1@ACADM,34,89,"Q5T4U5,E9PIX8,E9PRX4,E9PLN7,E9PQA8,E9PJM9,B7Z9I1,B4DJE7",ACADM,"acyl-CoA dehydrogenase, C-4 to C-12 straight chain","gene with protein product"
1496,T068055,43,0.0214,p52@ALPK2,115701,20565,Q86TB3,ALPK2,"alpha kinase 2","gene with protein product"
1497,T112927,43,0.0214,p4@ZEB2,9839,14881,,ZEB2,"zinc finger E-box binding homeobox 2","gene with protein product"
1498,T001260,43,0.0214,p4@NRAP,4892,7988,Q86VF7,NRAP,"nebulin related anchoring protein","gene with protein product"
1499,T124953,43,0.0213,p2@PAIP2B,400961,29200,Q9ULR5,PAIP2B,"poly(A) binding protein interacting protein 2B","gene with protein product"
1500,T119304,42,0.0210,p16@SLC4A3,6508,11029,,SLC4A3,"solute carrier family 4 member 3","gene with protein product"
1501,T032397,42,0.0209,p11@MTUS2,23281,20595,,MTUS2,"microtubule associated tumor suppressor candidate 2","gene with protein product"
1502,T160622,42,0.0209,p4@PLEKHG1,57480,20884,,PLEKHG1,"pleckstrin homology and RhoGEF domain containing G1","gene with protein product"
1503,T153582,42,0.0209,p15@NPR3,4883,7945,"B4DT84,E7EPG9",NPR3,"natriuretic peptide receptor 3","gene with protein product"
1504,T103545,42,0.0209,p12@UCKL1,54963,15938,"B7Z8N2,Q53HM1",UCKL1,"uridine-cytidine kinase 1 like 1","gene with protein product"
1505,T131987,42,0.0209,p5@USP13,8975,12611,Q92995,USP13,"ubiquitin specific peptidase 13 (isopeptidase T-3)","gene with protein product"
1506,T150744,41,0.0204,p23@SYNPO,11346,30672,Q8N3V7,SYNPO,synaptopodin,"gene with protein product"
1507,T073051,41,0.0204,p10@FXYD1,5348,4025,O00168,FXYD1,"FXYD domain containing ion transport regulator 1","gene with protein product"
1508,T093924,41,0.0204,p13@MAP7D1,55700,25514,,MAP7D1,"MAP7 domain containing 1","gene with protein product"
1509,T156085,41,0.0204,p11@CMYA5,202333,14305,,CMYA5,"cardiomyopathy associated 5","gene with protein product"
1510,T184179,41,0.0204,p12@RBPMS,11030,19097,"F5H357,Q93062",RBPMS,"RNA binding protein with multiple splicing","gene with protein product"
1511,T157314,41,0.0204,p2@BVES,11149,1152,Q8NE79,BVES,"blood vessel epicardial substance","gene with protein product"
1512,T197436,41,0.0204,p20@FHL1,2273,3702,Q13642,FHL1,"four and a half LIM domains 1","gene with protein product"
1513,T131102,41,0.0204,p51@SCHIP1,29970,15678,,SCHIP1,"schwannomin interacting protein 1","gene with protein product"
1514,T132764,40,0.0200,p6@BCL6,604,1001,C9JL16,BCL6,"B-cell CLL/lymphoma 6","gene with protein product"
1515,T136591,40,0.0199,p3@SLMAP,7871,16643,C9JPE6,SLMAP,"sarcolemma associated protein","gene with protein product"
1516,T090635,40,0.0199,p2@OBSCN,84033,15719,,OBSCN,"obscurin, cytoskeletal calmodulin and titin-interacting RhoGEF","gene with protein product"
1517,T103984,40,0.0199,p42@LINC00478,,1274,,MIR99AHG,"mir-99a-let-7c cluster host gene","RNA, long non-coding"
1518,T166375,40,0.0199,p8@CLIC5,53405,13517,,CLIC5,"chloride intracellular channel 5","gene with protein product"
1519,T057838,40,0.0199,p2@TCAP,8557,11610,"A2TDC0,O15273",TCAP,titin-cap,"gene with protein product"
1520,T146777,40,0.0199,p5@PPM1K,152926,25415,,PPM1K,"protein phosphatase, Mg2+/Mn2+ dependent 1K","gene with protein product"
1521,T156011,39,0.0195,p2@BHMT2,23743,1048,"B7Z516,Q9H2M3",BHMT2,"betaine--homocysteine S-methyltransferase 2","gene with protein product"
1522,T008698,39,0.0194,p8@PI4K2A,55361,30031,E9PAM4,PI4K2A,"phosphatidylinositol 4-kinase type 2 alpha","gene with protein product"
1523,T113853,39,0.0194,p6@TANC1,85461,29364,,TANC1,"tetratricopeptide repeat, ankyrin repeat and coiled-coil containing 1","gene with protein product"
1524,T183102,39,0.0194,p10@EPB49,2039,3382,E5RJ56,DMTN,"dematin actin binding protein","gene with protein product"
1525,T135517,39,0.0194,p2@PRKAR2A,5576,9391,P13861,PRKAR2A,"protein kinase cAMP-dependent type II regulatory subunit alpha","gene with protein product"
1526,T065347,39,0.0194,p2@FN3K,64122,24822,Q9H479,FN3K,"fructosamine 3 kinase","gene with protein product"
1527,T029581,38,0.0190,p2@ACSS3,79611,24723,Q9H6R3,ACSS3,"acyl-CoA synthetase short-chain family member 3","gene with protein product"
1528,T060821,38,0.0190,p2@MMD,23531,7153,Q15546,MMD,"monocyte to macrophage differentiation associated","gene with protein product"
1529,T123373,38,0.0189,p3@STON1-GTF2A1L,286749,30651,"Q53S48,Q3MIM1",STON1-GTF2A1L,"STON1-GTF2A1L readthrough",readthrough
1530,T040233,38,0.0189,p1@DPF3,8110,17427,"G5EA56,F5H575,Q92784",DPF3,"double PHD fingers 3","gene with protein product"
1531,T055581,38,0.0189,p1@COX10,1352,2260,Q12887,COX10,"COX10, heme A:farnesyltransferase cytochrome c oxidase assembly factor","gene with protein product"
1532,T027107,38,0.0189,p3@COQ10A,93058,26515,Q8TAL2,COQ10A,"coenzyme Q10A","gene with protein product"
1533,T096640,38,0.0189,p4@TNNI3K,51086,19661,Q59H18,TNNI3K,"TNNI3 interacting kinase","gene with protein product"
1534,T085930,37,0.0185,p7@KIAA0040,,28950,,KIAA0040,KIAA0040,"gene with protein product"
1535,T084474,37,0.0184,p5@DCAF8,50717,24891,Q5TAQ9,DCAF8,"DDB1 and CUL4 associated factor 8","gene with protein product"
1536,T073888,37,0.0184,p2@ITGB1BP3,27231,17871,,NMRK2,"nicotinamide riboside kinase 2","gene with protein product"
1537,T189956,37,0.0184,p5@SLC25A25,114789,20663,F8WEY9,SLC25A25,"solute carrier family 25 member 25","gene with protein product"
1538,T106593,37,0.0184,p20@SEPT5,5413,9164,,SEPT5,"septin 5","gene with protein product"
1539,T142610,37,0.0184,p29@SORBS2,8470,24098,,SORBS2,"sorbin and SH3 domain containing 2","gene with protein product"
1540,T115664,37,0.0184,p49@TTN,7273,12403,A2TKE4,TTN,titin,"gene with protein product"
1541,T149864,37,0.0184,p10@FGF1,2246,3665,B5MCF4,FGF1,"fibroblast growth factor 1","gene with protein product"
1542,T121940,37,0.0184,p12@FAM179A,165186,33715,,TOGARAM2,"TOG array regulator of axonemal microtubules 2","gene with protein product"
1543,T160843,36,0.0180,p11@SYNE1,23345,17089,"Q8NF91,E7ENN3,E7EQI5,E9PEL9",SYNE1,"spectrin repeat containing nuclear envelope protein 1","gene with protein product"
1544,T021039,36,0.0180,p6@MYL2,4633,7583,,MYL2,"myosin light chain 2","gene with protein product"
1545,T001132,36,0.0180,p6@GPAM,57678,24865,,GPAM,"glycerol-3-phosphate acyltransferase, mitochondrial","gene with protein product"
1546,T184178,36,0.0179,p6@RBPMS,11030,19097,"F5H357,Q93062",RBPMS,"RNA binding protein with multiple splicing","gene with protein product"
1547,T142566,36,0.0179,p1@PDLIM3,27295,20767,"Q53GG5,D6RAF1",PDLIM3,"PDZ and LIM domain 3","gene with protein product"
1548,T120320,36,0.0179,p14@DGKD,8527,2851,,DGKD,"diacylglycerol kinase delta","gene with protein product"
1549,T084202,36,0.0179,p1@DARC,2532,4035,Q5JY94,ACKR1,"atypical chemokine receptor 1 (Duffy blood group)","gene with protein product"
1550,T087694,36,0.0179,p19@TNNT2,7139,11949,,TNNT2,"troponin T2, cardiac type","gene with protein product"
1551,T147941,36,0.0179,p11@TNFAIP8,25816,17260,E5RIJ3,TNFAIP8,"TNF alpha induced protein 8","gene with protein product"
1552,T156997,36,0.0179,p1@LNPEP,4012,6656,Q9UIQ6,LNPEP,"leucyl and cystinyl aminopeptidase","gene with protein product"
1553,T177803,35,0.0175,p17@SEMA3A,10371,10723,C9JD25,SEMA3A,"semaphorin 3A","gene with protein product"
1554,T146566,35,0.0174,p1@SLC10A6,345274,30603,Q3KNW5,SLC10A6,"solute carrier family 10 member 6","gene with protein product"
1555,T194922,35,0.0174,p8@ECM2,1842,3154,Q5T9F4,ECM2,"extracellular matrix protein 2","gene with protein product"
1556,T119290,35,0.0174,p11@SLC4A3,6508,11029,P48751,SLC4A3,"solute carrier family 4 member 3","gene with protein product"
1557,T181178,35,0.0174,p7@TMEM71,137835,26572,,TMEM71,"transmembrane protein 71","gene with protein product"
1558,T089975,35,0.0174,p1@MARC1,64757,26189,Q5VT66,MARC1,"mitochondrial amidoxime reducing component 1","gene with protein product"
1559,T149866,35,0.0174,p3@FGF1,2246,3665,B5MCF4,FGF1,"fibroblast growth factor 1","gene with protein product"
1560,T085365,35,0.0174,p1@DPT,1805,3011,Q07507,DPT,dermatopontin,"gene with protein product"
1561,T170588,34,0.0170,p8@PRRT4,401399,37280,"C9JH25,C9JWH6",PRRT4,"proline rich transmembrane protein 4","gene with protein product"
1562,T153592,34,0.0170,p7@NPR3,4883,7945,,NPR3,"natriuretic peptide receptor 3","gene with protein product"
1563,T081193,34,0.0169,p4@NPPA,4878,7939,P01160,NPPA,"natriuretic peptide A","gene with protein product"
1564,T073044,34,0.0169,p11@FXYD1,5348,4025,O00168,FXYD1,"FXYD domain containing ion transport regulator 1","gene with protein product"
1565,T026392,34,0.0169,p4@TENC1,23371,19737,F8VV64,TNS2,"tensin 2","gene with protein product"
1566,T023815,34,0.0169,p1@PDE3A,5139,8778,,PDE3A,"phosphodiesterase 3A","gene with protein product"
1567,T066737,34,0.0169,p4@MYOM1,8736,7613,"P52179,A8MX12",MYOM1,"myomesin 1","gene with protein product"
1568,T127778,34,0.0169,p24@VGLL4,9686,28966,,VGLL4,"vestigial like family member 4","gene with protein product"
1569,T184874,33,0.0165,p10@SLC20A2,6575,10947,,SLC20A2,"solute carrier family 20 member 2","gene with protein product"
1570,T117124,33,0.0164,p3@SGOL2,151246,30812,C9JW92,SGO2,"shugoshin 2","gene with protein product"
1571,T023835,33,0.0164,p21@CACNA1C,775,1390,F5H0X0,CACNA1C,"calcium voltage-gated channel subunit alpha1 C","gene with protein product"
1572,T137632,33,0.0164,p3@LMCD1,29995,6633,"B4DEY6,F8WB09",LMCD1,"LIM and cysteine rich domains 1","gene with protein product"
1573,T015889,33,0.0164,p1@AHNAK,79026,347,A1A586,AHNAK,"AHNAK nucleoprotein","gene with protein product"
1574,T157623,33,0.0164,p4@SESN1,27244,21595,Q9Y6P5,SESN1,"sestrin 1","gene with protein product"
1575,T035866,32,0.0160,p16@CRIP2,1397,2361,,CRIP2,"cysteine rich protein 2","gene with protein product"
1576,T166489,32,0.0160,p3@GPR116,221395,19030,"Q8IZF2,E9PBS6",ADGRF5,"adhesion G protein-coupled receptor F5","gene with protein product"
1577,T114409,32,0.0159,p52@XIRP2,129446,14303,,XIRP2,"xin actin binding repeat containing 2","gene with protein product"
1578,T123206,32,0.0159,p3@RHOQ,23433,17736,E5RFZ3,RHOQ,"ras homolog family member Q","gene with protein product"
1579,T135392,32,0.0159,p2@MAP4,4134,6862,Q86V26,MAP4,"microtubule associated protein 4","gene with protein product"
1580,T181177,31,0.0155,p5@TMEM71,137835,26572,Q6P5X7,TMEM71,"transmembrane protein 71","gene with protein product"
1581,T157315,31,0.0155,p3@BVES,11149,1152,Q8NE79,BVES,"blood vessel epicardial substance","gene with protein product"
1582,T103219,31,0.0154,p1@C20orf166,128826,16159,"Q4VX86,Q9H1L0",MIR1-1HG,"MIR1-1 host gene",unknown
1583,T139977,31,0.0154,p1@SETD7,80854,30412,"B5MCS2,D6RJA0",SETD7,"SET domain containing lysine methyltransferase 7","gene with protein product"
1584,T066907,31,0.0154,p1@FHOD3,80206,26178,Q2V2M9,FHOD3,"formin homology 2 domain containing 3","gene with protein product"
1585,T075572,31,0.0154,p1@CKM,1158,1994,,CKM,"creatine kinase, M-type","gene with protein product"
1586,T160770,31,0.0154,p19@SYNE1,23345,17089,,SYNE1,"spectrin repeat containing nuclear envelope protein 1","gene with protein product"
1587,T072540,31,0.0154,p1@C19orf12,83636,25443,"Q9NSK7,F8W6J3",C19orf12,"chromosome 19 open reading frame 12","gene with protein product"
1588,T095918,31,0.0154,p2@KANK4,163782,27263,,KANK4,"KN motif and ankyrin repeat domains 4","gene with protein product"
1589,T094200,31,0.0154,p8@MACF1,23499,13664,B4E2T3,MACF1,"microtubule-actin crosslinking factor 1","gene with protein product"
1590,T073319,30,0.0150,p8@HSPB6,126393,26511,,HSPB6,"heat shock protein family B (small) member 6","gene with protein product"
1591,T159783,30,0.0150,p1@HEBP2,23593,15716,"Q9Y5Z4,Q5THN1",HEBP2,"heme binding protein 2","gene with protein product"
1592,T066261,30,0.0150,p5@OSBPL1A,114876,16398,B2RB91,OSBPL1A,"oxysterol binding protein like 1A","gene with protein product"
1593,T071048,30,0.0150,p2@KLF2,10365,6347,"Q9Y5W3,Q8IUN4",KLF2,"Kruppel like factor 2","gene with protein product"
1594,T023932,30,0.0150,p3@KCNJ8,3764,6269,Q15842,KCNJ8,"potassium voltage-gated channel subfamily J member 8","gene with protein product"
1595,T119200,30,0.0149,p3@DES,1674,2770,,DES,desmin,"gene with protein product"
1596,T053864,30,0.0149,p40@RBFOX1,54715,18222,"Q9NWB1,F8WAC5",RBFOX1,"RNA binding protein, fox-1 homolog 1","gene with protein product"
1597,T001339,30,0.0149,p38@ABLIM1,3983,78,,ABLIM1,"actin binding LIM protein 1","gene with protein product"
1598,T016361,29,0.0145,p1@VEGFB,7423,12681,"P49765,Q7LAP4",VEGFB,"vascular endothelial growth factor B","gene with protein product"
1599,T053001,29,0.0144,p1@HSF4,3299,5227,"Q9ULV5,E5RG51",HSF4,"heat shock transcription factor 4","gene with protein product"
1600,T079682,29,0.0144,p6@AGL,178,321,P35573,AGL,"amylo-alpha-1, 6-glucosidase, 4-alpha-glucanotransferase","gene with protein product"
1601,T114413,29,0.0144,p6@XIRP2,129446,14303,A4UGR9,XIRP2,"xin actin binding repeat containing 2","gene with protein product"
1602,T027109,29,0.0144,p5@COQ10A,93058,26515,,COQ10A,"coenzyme Q10A","gene with protein product"
1603,T131173,28,0.0140,p1@PPM1L,151742,16381,,PPM1L,"protein phosphatase, Mg2+/Mn2+ dependent 1L","gene with protein product"
1604,T189195,28,0.0140,p19@GSN,2934,4620,F5H1A8,GSN,gelsolin,"gene with protein product"
1605,T113976,28,0.0140,p8@ITGB6,3694,6161,,ITGB6,"integrin subunit beta 6","gene with protein product"
1606,T074405,28,0.0139,p1@ITPKC,80271,14897,Q96DU7,ITPKC,"inositol-trisphosphate 3-kinase C","gene with protein product"
1607,T109809,28,0.0139,p8@GRAMD4,23151,29113,,GRAMD4,"GRAM domain containing 4","gene with protein product"
1608,T200527,28,0.0139,p2@KLF8,11279,6351,O95600,KLF8,"Kruppel like factor 8","gene with protein product"
1609,T013630,28,0.0139,p1@HIPK3,10114,4915,Q9H422,HIPK3,"homeodomain interacting protein kinase 3","gene with protein product"
1610,T004842,28,0.0139,p2@ZNF22,7570,13012,P17026,ZNF22,"zinc finger protein 22","gene with protein product"
1611,T080192,27,0.0135,p3@MYBPHL,343263,30434,A2RUH7,MYBPHL,"myosin binding protein H like","gene with protein product"
1612,T045921,27,0.0135,p6@ANP32A,8125,13233,,ANP32A,"acidic nuclear phosphoprotein 32 family member A","gene with protein product"
1613,T037783,27,0.0135,p17@CFL2,1073,1875,"Q549N0,Q9Y281",CFL2,"cofilin 2","gene with protein product"
1614,T060944,27,0.0135,p5@AKAP1,8165,367,"Q92667,B4DN86",AKAP1,"A-kinase anchoring protein 1","gene with protein product"
1615,T192864,27,0.0135,p2@DNAJB5,25822,14887,Q5T657,DNAJB5,"DnaJ heat shock protein family (Hsp40) member B5","gene with protein product"
1616,T096588,27,0.0135,p1@PTGER3,5733,9595,"Q5CZ57,O00325,F5H821,P43115,B1AK19,Q147X8,Q6TTN3,Q147U0",PTGER3,"prostaglandin E receptor 3","gene with protein product"
1617,T088901,27,0.0135,p5@C1orf132,,32018,,C1orf132,"chromosome 1 open reading frame 132",unknown
1618,T121939,27,0.0135,p7@FAM179A,165186,33715,,TOGARAM2,"TOG array regulator of axonemal microtubules 2","gene with protein product"
1619,T192978,27,0.0134,p1@CCDC107,203260,28465,"Q8WV48,F8W8S5",CCDC107,"coiled-coil domain containing 107","gene with protein product"
1620,T068053,27,0.0134,p29@ALPK2,115701,20565,Q86TB3,ALPK2,"alpha kinase 2","gene with protein product"
1621,T047234,27,0.0134,p1@BTBD1,53339,1120,A6NMI8,BTBD1,"BTB domain containing 1","gene with protein product"
1622,T110321,27,0.0134,p10@NPAS2,4862,7895,B7Z2H6,NPAS2,"neuronal PAS domain protein 2","gene with protein product"
1623,T114439,27,0.0134,p3@XIRP2,129446,14303,,XIRP2,"xin actin binding repeat containing 2","gene with protein product"
1624,T037133,27,0.0134,p35@MYH7,4625,7577,P12883,MYH7,"myosin heavy chain 7","gene with protein product"
1625,T084484,27,0.0134,"p1@DCAF8,p1@PEX19","5824,50717","9713,24891","P40855,B7Z6I5,E9PPB4,B7Z8B3,G3V3G9",PEX19,"peroxisomal biogenesis factor 19","gene with protein product"
1626,T094258,27,0.0134,p1@NT5C1A,84618,17819,Q9BXI3,NT5C1A,"5'-nucleotidase, cytosolic IA","gene with protein product"
1627,T153290,27,0.0134,p15@LRRC14B,389257,37268,,LRRC14B,"leucine rich repeat containing 14B","gene with protein product"
1628,T109455,26,0.0130,p5@PACSIN2,11252,8571,Q9UNF0,PACSIN2,"protein kinase C and casein kinase substrate in neurons 2","gene with protein product"
1629,T188514,26,0.0130,p4@KIAA0368,23392,29020,,KIAA0368,KIAA0368,"gene with protein product"
1630,T170589,26,0.0130,p5@PRRT4,401399,37280,"C9JH25,C9JWH6",PRRT4,"proline rich transmembrane protein 4","gene with protein product"
1631,T127848,26,0.0130,p8@ARHGAP31,57514,29216,Q2M1Z3,ARHGAP31,"Rho GTPase activating protein 31","gene with protein product"
1632,T026881,26,0.0130,p4@ITGA7,3679,6143,,ITGA7,"integrin subunit alpha 7","gene with protein product"
1633,T129505,26,0.0129,p3@MRAS,22808,7227,"O14807,Q6FGP0",MRAS,"muscle RAS oncogene homolog","gene with protein product"
1634,T120316,26,0.0129,p5@DGKD,8527,2851,,DGKD,"diacylglycerol kinase delta","gene with protein product"
1635,T188337,26,0.0129,p7@PTPN3,5774,9655,"B7Z3V3,P26045,Q8N4S3,B7ZA03",PTPN3,"protein tyrosine phosphatase, non-receptor type 3","gene with protein product"
1636,T144681,25,0.0125,p3@TECRL,253017,27365,,TECRL,"trans-2,3-enoyl-CoA reductase-like","gene with protein product"
1637,T138187,25,0.0125,p4@FILIP1L,11259,24589,Q4L180,FILIP1L,"filamin A interacting protein 1 like","gene with protein product"
1638,T141385,25,0.0125,p15@NPY1R,4886,7956,D6RC44,NPY1R,"neuropeptide Y receptor Y1","gene with protein product"
1639,T087919,25,0.0125,p12@PPP1R12B,4660,7619,O60237,PPP1R12B,"protein phosphatase 1 regulatory subunit 12B","gene with protein product"
1640,T027680,25,0.0125,p16@SLC16A7,9194,10928,F8W0N3,SLC16A7,"solute carrier family 16 member 7","gene with protein product"
1641,T145221,25,0.0124,p1@SLC4A4,8671,11030,"Q9Y6R1,A5JJ20",SLC4A4,"solute carrier family 4 member 4","gene with protein product"
1642,T047235,25,0.0124,p8@BTBD1,53339,1120,"Q9H0C5,A6NMI8",BTBD1,"BTB domain containing 1","gene with protein product"
1643,T035862,25,0.0124,p11@MTA1,9112,7410,,MTA1,"metastasis associated 1","gene with protein product"
1644,T060820,24,0.0120,p4@MMD,23531,7153,Q15546,MMD,"monocyte to macrophage differentiation associated","gene with protein product"
1645,T170221,24,0.0120,p25@C7orf58,79974,26159,A4D0V7,CPED1,"cadherin like and PC-esterase domain containing 1","gene with protein product"
1646,T140390,24,0.0120,p3@ARHGAP10,79658,26099,A1A4S6,ARHGAP10,"Rho GTPase activating protein 10","gene with protein product"
1647,T128696,24,0.0120,p10@KBTBD12,166348,25731,B5MCZ4,KBTBD12,"kelch repeat and BTB domain containing 12","gene with protein product"
1648,T073328,24,0.0120,p2@HSPB6,126393,26511,,HSPB6,"heat shock protein family B (small) member 6","gene with protein product"
1649,T156192,24,0.0120,p2@CKMT2,1160,1996,P17540,CKMT2,"creatine kinase, mitochondrial 2","gene with protein product"
1650,T037083,24,0.0120,p5@MYH6,4624,7576,Q1ED46,MYH6,"myosin heavy chain 6","gene with protein product"
1651,T115665,24,0.0120,p16@TTN,7273,12403,A2TKE4,TTN,titin,"gene with protein product"
1652,T157621,24,0.0119,p8@SESN1,27244,21595,Q9Y6P5,SESN1,"sestrin 1","gene with protein product"
1653,T114407,24,0.0119,p35@XIRP2,129446,14303,,XIRP2,"xin actin binding repeat containing 2","gene with protein product"
1654,T194832,23,0.0114,p1@AUH,549,890,"Q13825,B4DYI6",AUH,"AU RNA binding methylglutaconyl-CoA hydratase","gene with protein product"
1655,T137892,23,0.0114,p2@CRYBG3,131544,34427,B4DLE8,CRYBG3,"crystallin beta-gamma domain containing 3","gene with protein product"
1656,T008689,22,0.0110,p2@ANKRD2,26287,495,Q9GZV1,ANKRD2,"ankyrin repeat domain 2","gene with protein product"
1657,T034252,22,0.0110,p3@TBC1D4,9882,19165,O60343,TBC1D4,"TBC1 domain family member 4","gene with protein product"
1658,T113482,22,0.0110,p1@ARL5A,26225,696,,ARL5A,"ADP ribosylation factor like GTPase 5A","gene with protein product"
1659,T081195,22,0.0110,p15@NPPA,4878,7939,P01160,NPPA,"natriuretic peptide A","gene with protein product"
1660,T018480,22,0.0110,p10@ARRB1,408,711,E9PM35,ARRB1,"arrestin beta 1","gene with protein product"
1661,T073318,22,0.0110,p5@HSPB6,126393,26511,,HSPB6,"heat shock protein family B (small) member 6","gene with protein product"
1662,T007698,22,0.0110,p2@MMRN2,79812,19888,Q9H8L6,MMRN2,"multimerin 2","gene with protein product"
1663,T140118,22,0.0110,p2@RNF150,57484,23138,,RNF150,"ring finger protein 150","gene with protein product"
1664,T164989,22,0.0110,p6@C6orf106,64771,21215,Q9H6K1,C6orf106,"chromosome 6 open reading frame 106","gene with protein product"
1665,T013017,22,0.0110,p7@ANO5,203859,27337,Q75V66,ANO5,"anoctamin 5","gene with protein product"
1666,T131490,22,0.0110,p10@MECOM,2122,3498,"C7FEN9,Q03112,Q13465",MECOM,"MDS1 and EVI1 complex locus","gene with protein product"
1667,T127969,22,0.0110,p3@POPDC2,64091,17648,C9J3P7,POPDC2,"popeye domain containing 2","gene with protein product"
1668,T081200,21,0.0105,p2@NPPA,4878,7939,P01160,NPPA,"natriuretic peptide A","gene with protein product"
1669,T142612,21,0.0105,p5@SORBS2,8470,24098,,SORBS2,"sorbin and SH3 domain containing 2","gene with protein product"
1670,T160621,21,0.0105,p12@PLEKHG1,57480,20884,,PLEKHG1,"pleckstrin homology and RhoGEF domain containing G1","gene with protein product"
1671,T177557,21,0.0105,p38@CD36,948,1663,E9PC45,CD36,"CD36 molecule","gene with protein product"
1672,T047208,21,0.0105,p2@FSD2,123722,18024,"B7ZM02,A1L4K1",FSD2,"fibronectin type III and SPRY domain containing 2","gene with protein product"
1673,T139259,21,0.0105,p6@SYNPO2,171024,17732,E9PEM2,SYNPO2,"synaptopodin 2","gene with protein product"
1674,T081199,21,0.0105,p1@NPPA,4878,7939,P01160,NPPA,"natriuretic peptide A","gene with protein product"
1675,T107025,21,0.0105,p2@CHCHD10,400916,15559,,CHCHD10,"coiled-coil-helix-coiled-coil-helix domain containing 10","gene with protein product"
1676,T030475,21,0.0105,p10@CCDC41,51134,17966,,CEP83,"centrosomal protein 83","gene with protein product"
1677,T020343,21,0.0105,p11@TXNRD1,,12437,,TXNRD1,"thioredoxin reductase 1","gene with protein product"
1678,T155386,21,0.0105,p2@MCCC2,64087,6937,Q9HCC0,MCCC2,"methylcrotonoyl-CoA carboxylase 2","gene with protein product"
1679,T020811,21,0.0105,p11@ACACB,32,85,,ACACB,"acetyl-CoA carboxylase beta","gene with protein product"
1680,T130795,21,0.0105,p10@KCNAB1,7881,6228,B7Z8E5,KCNAB1,"potassium voltage-gated channel subfamily A member regulatory beta subunit 1","gene with protein product"
1681,T020184,21,0.0105,p8@IGF1,3479,5464,E9PD02,IGF1,"insulin like growth factor 1","gene with protein product"
1682,T115716,21,0.0104,p10@TTN,7273,12403,,TTN,titin,"gene with protein product"
1683,T146562,21,0.0104,p5@SLC10A6,345274,30603,Q3KNW5,SLC10A6,"solute carrier family 10 member 6","gene with protein product"
1684,T032607,21,0.0104,p5@FRY,10129,20367,,FRY,"FRY microtubule binding protein","gene with protein product"
1685,T182297,21,0.0104,p51@PLEC,5339,9069,Q15149,PLEC,plectin,"gene with protein product"
1686,T193950,21,0.0104,p23@ZFAND5,7763,13008,O76080,ZFAND5,"zinc finger AN1-type containing 5","gene with protein product"
1687,T189249,21,0.0104,p19@DAB2IP,153090,17294,,DAB2IP,"DAB2 interacting protein","gene with protein product"
1688,T143686,20,0.0100,p9@KLB,152831,15527,"Q86Z14,B7ZL50",KLB,"klotho beta","gene with protein product"
1689,T071134,20,0.0100,p1@F2RL3,9002,3540,Q96RI0,F2RL3,"F2R like thrombin/trypsin receptor 3","gene with protein product"
1690,T131163,20,0.0099,p3@KPNA4,3840,6397,,KPNA4,"karyopherin subunit alpha 4","gene with protein product"
1691,T072987,19,0.0095,p4@SCN1B,6324,10586,Q07699,SCN1B,"sodium voltage-gated channel beta subunit 1","gene with protein product"
1692,T114437,19,0.0095,p21@XIRP2,129446,14303,,XIRP2,"xin actin binding repeat containing 2","gene with protein product"
1693,T079664,19,0.0095,p5@PALMD,54873,15846,Q9NP74,PALMD,palmdelphin,"gene with protein product"
1694,T009915,19,0.0095,p10@ZBTB16,7704,12930,,ZBTB16,"zinc finger and BTB domain containing 16","gene with protein product"
1695,T096822,19,0.0095,p2@NEXN,91624,29557,E7EQF0,NEXN,"nexilin F-actin binding protein","gene with protein product"
1696,T123371,19,0.0095,p6@STON1-GTF2A1L,286749,30651,"Q53S48,Q3MIM1",STON1-GTF2A1L,"STON1-GTF2A1L readthrough",readthrough
1697,T007808,19,0.0095,p4@RNLS,55328,25641,Q5VYX0,RNLS,"renalase, FAD dependent amine oxidase","gene with protein product"
1698,T177801,19,0.0095,p15@SEMA3A,10371,10723,C9JD25,SEMA3A,"semaphorin 3A","gene with protein product"
1699,T153287,19,0.0095,p8@LRRC14B,389257,37268,,LRRC14B,"leucine rich repeat containing 14B","gene with protein product"
1700,T184552,19,0.0095,p16@TACC1,6867,11522,,TACC1,"transforming acidic coiled-coil containing protein 1","gene with protein product"
1701,T087917,19,0.0095,p20@PPP1R12B,4660,7619,O60237,PPP1R12B,"protein phosphatase 1 regulatory subunit 12B","gene with protein product"
1702,T178561,19,0.0095,p5@PDK4,5166,8812,"A4D1H4,Q16654",PDK4,"pyruvate dehydrogenase kinase 4","gene with protein product"
1703,T021783,19,0.0095,p6@HSPB8,26353,30171,Q9UJY1,HSPB8,"heat shock protein family B (small) member 8","gene with protein product"
1704,T182829,19,0.0094,p19@PSD3,23362,19093,,PSD3,"pleckstrin and Sec7 domain containing 3","gene with protein product"
1705,T114406,19,0.0094,p16@XIRP2,129446,14303,,XIRP2,"xin actin binding repeat containing 2","gene with protein product"
1706,T188620,19,0.0094,p1@HSDL2,84263,18572,"B4E136,B4DWC7",HSDL2,"hydroxysteroid dehydrogenase like 2","gene with protein product"
1707,T120899,18,0.0090,p1@NDUFA10,4705,7684,"Q8WXC9,E7ESZ7,Q8N1B9,F8WEH0,C9JGP9,C9J6X0",NDUFA10,"NADH:ubiquinone oxidoreductase subunit A10","gene with protein product"
1708,T114401,18,0.0090,p22@XIRP2,129446,14303,A4UGR9,XIRP2,"xin actin binding repeat containing 2","gene with protein product"
1709,T154315,18,0.0090,p3@NNT,23530,7863,Q8N5H5,NNT,"nicotinamide nucleotide transhydrogenase","gene with protein product"
1710,T021784,18,0.0090,p2@HSPB8,26353,30171,Q9UJY1,HSPB8,"heat shock protein family B (small) member 8","gene with protein product"
1711,T035861,18,0.0090,p9@MTA1,9112,7410,,MTA1,"metastasis associated 1","gene with protein product"
1712,T022494,18,0.0090,p1@RILPL1,353116,26814,Q5EBL4,RILPL1,"Rab interacting lysosomal protein like 1","gene with protein product"
1713,T025446,18,0.0090,p6@PFKM,5213,8877,,PFKM,"phosphofructokinase, muscle","gene with protein product"
1714,T170234,18,0.0090,p45@C7orf58,79974,26159,,CPED1,"cadherin like and PC-esterase domain containing 1","gene with protein product"
1715,T162242,18,0.0090,p8@RBM24,221662,21539,,RBM24,"RNA binding motif protein 24","gene with protein product"
1716,T113796,18,0.0090,p3@ACVR1C,130399,18123,,ACVR1C,"activin A receptor type 1C","gene with protein product"
1717,T129389,18,0.0090,p10@PPP2R3A,5523,9307,Q06190,PPP2R3A,"protein phosphatase 2 regulatory subunit B''alpha","gene with protein product"
1718,T094928,18,0.0090,p4@GPBP1L1,60313,28843,,GPBP1L1,"GC-rich promoter binding protein 1 like 1","gene with protein product"
1719,T200730,18,0.0090,p3@AR,367,644,"F5H341,P10275",AR,"androgen receptor","gene with protein product"
1720,T037792,18,0.0090,p6@CFL2,1073,1875,Q9Y281,CFL2,"cofilin 2","gene with protein product"
1721,T045246,18,0.0090,p1@TLN2,83660,15447,,TLN2,"talin 2","gene with protein product"
1722,T032400,18,0.0090,p8@MTUS2,23281,20595,,MTUS2,"microtubule associated tumor suppressor candidate 2","gene with protein product"
1723,T016216,18,0.0090,p1@PLA2G16,11145,17825,"P53816,Q3MI98",PLA2G16,"phospholipase A2 group XVI","gene with protein product"
1724,T105781,18,0.0090,p4@AGPAT3,56894,326,"E7EPU6,Q9NRZ7",AGPAT3,"1-acylglycerol-3-phosphate O-acyltransferase 3","gene with protein product"
1725,T081197,18,0.0090,p3@NPPA,4878,7939,P01160,NPPA,"natriuretic peptide A","gene with protein product"
1726,T065841,18,0.0090,p2@AFG3L2,10939,315,Q9Y4W6,AFG3L2,"AFG3 like matrix AAA peptidase subunit 2","gene with protein product"
1727,T032399,18,0.0090,p3@MTUS2,23281,20595,Q5JR59,MTUS2,"microtubule associated tumor suppressor candidate 2","gene with protein product"
1728,T079154,18,0.0090,p1@INSR,3643,6091,"P06213,Q86WY9",INSR,"insulin receptor","gene with protein product"
1729,T164990,18,0.0090,p2@C6orf106,64771,21215,Q9H6K1,C6orf106,"chromosome 6 open reading frame 106","gene with protein product"
1730,T050599,18,0.0089,p6@KIF22,3835,6391,,KIF22,"kinesin family member 22","gene with protein product"
1731,T001359,18,0.0089,p18@ABLIM1,3983,78,,ABLIM1,"actin binding LIM protein 1","gene with protein product"
1732,T114429,18,0.0089,p54@XIRP2,129446,14303,A4UGR9,XIRP2,"xin actin binding repeat containing 2","gene with protein product"
1733,T081198,17,0.0085,p10@NPPA,4878,7939,P01160,NPPA,"natriuretic peptide A","gene with protein product"
1734,T177556,17,0.0085,p32@CD36,948,1663,E9PC45,CD36,"CD36 molecule","gene with protein product"
1735,T067807,17,0.0085,p33@TCF4,6925,11634,B3KUC0,TCF4,"transcription factor 4","gene with protein product"
1736,T101003,17,0.0085,p4@WISP2,8839,12770,O76076,WISP2,"WNT1 inducible signaling pathway protein 2","gene with protein product"
1737,T114438,17,0.0084,p34@XIRP2,129446,14303,,XIRP2,"xin actin binding repeat containing 2","gene with protein product"
1738,T135855,17,0.0084,p3@C3orf45,132228,26781,Q8N112,LSMEM2,"leucine rich single-pass membrane protein 2","gene with protein product"
1739,T112028,16,0.0080,p4@LIMS2,55679,16084,F5H6E6,LIMS2,"LIM zinc finger domain containing 2","gene with protein product"
1740,T198927,16,0.0080,p6@SMPX,23676,11122,Q9UHP9,SMPX,"small muscle protein, X-linked","gene with protein product"
1741,T071133,16,0.0080,p4@F2RL3,9002,3540,Q96RI0,F2RL3,"F2R like thrombin/trypsin receptor 3","gene with protein product"
1742,T001049,16,0.0080,p3@RBM20,282996,27424,"Q5T481,F5GXH8",RBM20,"RNA binding motif protein 20","gene with protein product"
1743,T075530,16,0.0080,p8@CKM,1158,1994,P06732,CKM,"creatine kinase, M-type","gene with protein product"
1744,T052885,16,0.0080,p2@TK2,7084,11831,F5GYK4,TK2,"thymidine kinase 2, mitochondrial","gene with protein product"
1745,T119292,16,0.0079,p23@SLC4A3,6508,11029,P48751,SLC4A3,"solute carrier family 4 member 3","gene with protein product"
1746,T042993,15,0.0075,p4@C15orf41,84529,26929,Q9Y2V0,C15orf41,"chromosome 15 open reading frame 41","gene with protein product"
1747,T016313,15,0.0075,p4@MACROD1,28992,29598,,MACROD1,"MACRO domain containing 1","gene with protein product"
1748,T154125,15,0.0075,p1@PLCXD3,345557,31822,Q63HM9,PLCXD3,"phosphatidylinositol specific phospholipase C X domain containing 3","gene with protein product"
1749,T154879,15,0.0075,p50@PDE4D,5144,8783,Q08499,PDE4D,"phosphodiesterase 4D","gene with protein product"
1750,T157316,15,0.0075,p1@BVES,11149,1152,Q8NE79,BVES,"blood vessel epicardial substance","gene with protein product"
1751,T081192,15,0.0075,p7@NPPA,4878,7939,P01160,NPPA,"natriuretic peptide A","gene with protein product"
1752,T059764,15,0.0075,p5@NFE2L1,4779,7781,A3KMG6,NFE2L1,"nuclear factor, erythroid 2 like 1","gene with protein product"
1753,T146565,15,0.0075,p3@SLC10A6,345274,30603,Q3KNW5,SLC10A6,"solute carrier family 10 member 6","gene with protein product"
1754,T197515,15,0.0075,p3@ARHGEF6,9459,685,,ARHGEF6,"Rac/Cdc42 guanine nucleotide exchange factor 6","gene with protein product"
1755,T166384,15,0.0075,p1@CLIC5,53405,13517,"Q53G01,Q9NZA1,Q8NBY3",CLIC5,"chloride intracellular channel 5","gene with protein product"
1756,T140129,15,0.0075,p1@ZNF330,27309,15462,"Q9Y3S2,E9PDK6,D6R9C8,D6RCK7,D6RBS7,D6R8Y9,D6RBR7,D6R9Q8",ZNF330,"zinc finger protein 330","gene with protein product"
1757,T119177,15,0.0075,p2@DES,1674,2770,,DES,desmin,"gene with protein product"
1758,T023837,15,0.0075,p13@CACNA1C,775,1390,F5H0X0,CACNA1C,"calcium voltage-gated channel subunit alpha1 C","gene with protein product"
1759,T156942,15,0.0075,p12@CAST,831,1515,B7Z468,CAST,calpastatin,"gene with protein product"
1760,T103544,15,0.0075,p8@UCKL1,54963,15938,"B7Z8N2,Q53HM1",UCKL1,"uridine-cytidine kinase 1 like 1","gene with protein product"
1761,T088794,15,0.0075,p5@PFKFB2,5208,8873,B4DI16,PFKFB2,"6-phosphofructo-2-kinase/fructose-2,6-biphosphatase 2","gene with protein product"
1762,T155385,15,0.0075,p4@MCCC2,64087,6937,"D6R9R1,Q9HCC0",MCCC2,"methylcrotonoyl-CoA carboxylase 2","gene with protein product"
1763,T114435,15,0.0075,p4@XIRP2,129446,14303,,XIRP2,"xin actin binding repeat containing 2","gene with protein product"
1764,T112602,15,0.0075,p4@TPO,7173,12015,,TPO,"thyroid peroxidase","gene with protein product"
1765,T137896,15,0.0075,p1@CRYBG3,131544,34427,B4DLE8,CRYBG3,"crystallin beta-gamma domain containing 3","gene with protein product"
1766,T184556,15,0.0075,p29@TACC1,6867,11522,E7ES82,TACC1,"transforming acidic coiled-coil containing protein 1","gene with protein product"
1767,T087922,15,0.0075,p30@PPP1R12B,4660,7619,O60237,PPP1R12B,"protein phosphatase 1 regulatory subunit 12B","gene with protein product"
1768,T175638,15,0.0075,p2@MYL7,58498,21719,,MYL7,"myosin light chain 7","gene with protein product"
1769,T154646,15,0.0075,p2@IL6ST,3572,6021,,IL6ST,"interleukin 6 signal transducer","gene with protein product"
1770,T032597,14,0.0070,p17@FRY,10129,20367,B1ALA1,FRY,"FRY microtubule binding protein","gene with protein product"
1771,T069032,14,0.0070,p5@PTPRM,5797,9675,"A7MBN1,P28827",PTPRM,"protein tyrosine phosphatase, receptor type M","gene with protein product"
1772,T020830,14,0.0070,p1@UBE3B,89910,13478,"Q7Z3V4,F5H5T5",UBE3B,"ubiquitin protein ligase E3B","gene with protein product"
1773,T075534,13,0.0065,p14@CKM,1158,1994,P06732,CKM,"creatine kinase, M-type","gene with protein product"
1774,T095919,13,0.0065,p3@KANK4,163782,27263,,KANK4,"KN motif and ankyrin repeat domains 4","gene with protein product"
1775,T129391,13,0.0065,p4@PPP2R3A,5523,9307,Q06190,PPP2R3A,"protein phosphatase 2 regulatory subunit B''alpha","gene with protein product"
1776,T006641,13,0.0065,p1@ANAPC16,119504,26976,"Q96DE5,C5H3H2",ANAPC16,"anaphase promoting complex subunit 16","gene with protein product"
1777,T104786,13,0.0065,p1@LINC00310,114036,16414,,LINC00310,"long intergenic non-protein coding RNA 310","RNA, long non-coding"
1778,T150748,13,0.0065,p16@SYNPO,11346,30672,Q8N3V7,SYNPO,synaptopodin,"gene with protein product"
1779,T201217,13,0.0065,p1@LDHBP2,,6543,,LDHBP2,"lactate dehydrogenase B pseudogene 2",pseudogene
1780,T114410,13,0.0065,p14@XIRP2,129446,14303,,XIRP2,"xin actin binding repeat containing 2","gene with protein product"
1781,T012065,13,0.0065,p4@PDE3B,5140,8779,B7ZM37,PDE3B,"phosphodiesterase 3B","gene with protein product"
1782,T130346,13,0.0065,p6@TSC22D2,9819,29095,O75157,TSC22D2,"TSC22 domain family member 2","gene with protein product"
1783,T148407,13,0.0065,p1@SLC27A6,28965,11000,Q9Y2P4,SLC27A6,"solute carrier family 27 member 6","gene with protein product"
1784,T045502,13,0.0065,p2@RBPMS2,348093,19098,Q6ZRY4,RBPMS2,"RNA binding protein with multiple splicing 2","gene with protein product"
1785,T121176,13,0.0065,p5@THAP4,51078,23187,B5MCC0,THAP4,"THAP domain containing 4","gene with protein product"
1786,T033670,12,0.0060,p1@KPNA3,3839,6396,"O00505,Q8IYQ9",KPNA3,"karyopherin subunit alpha 3","gene with protein product"
1787,T097147,12,0.0060,p4@RERE,473,9965,Q9P2R6,RERE,"arginine-glutamic acid dipeptide repeats","gene with protein product"
1788,T162147,12,0.0060,p2@PHF10,55274,18250,Q8WUB8,PHF10,"PHD finger protein 10","gene with protein product"
1789,T090945,12,0.0060,p2@FAM89A,375061,25057,Q96GI7,FAM89A,"family with sequence similarity 89 member A","gene with protein product"
1790,T172744,12,0.0060,p7@ASB10,136371,17185,Q8WXI3,ASB10,"ankyrin repeat and SOCS box containing 10","gene with protein product"
1791,T091478,12,0.0060,p4@ACTN2,88,164,B7Z2N5,ACTN2,"actinin alpha 2","gene with protein product"
1792,T037793,12,0.0060,p5@CFL2,1073,1875,Q9Y281,CFL2,"cofilin 2","gene with protein product"
1793,T121125,12,0.0060,p3@HDLBP,3069,4857,C9JHS7,HDLBP,"high density lipoprotein binding protein","gene with protein product"
1794,T115658,12,0.0060,p69@TTN,7273,12403,,TTN,titin,"gene with protein product"
1795,T101241,12,0.0060,p30@DBNDD2,55861,15881,,DBNDD2,"dysbindin domain containing 2","gene with protein product"
1796,T024051,12,0.0060,p4@IQSEC3,440073,29193,Q9UPP2,IQSEC3,"IQ motif and Sec7 domain 3","gene with protein product"
1797,T147929,12,0.0060,p1@DTWD2,285605,19334,"D6REE2,D6RBD8,Q8NBA8",DTWD2,"DTW domain containing 2","gene with protein product"
1798,T148906,12,0.0060,p1@PCBD2,84105,24474,Q9H0N5,PCBD2,"pterin-4 alpha-carbinolamine dehydratase 2","gene with protein product"
1799,T160844,12,0.0060,p4@SYNE1,23345,17089,"Q8NF91,E7ENN3,E7EQI5,E9PEL9",SYNE1,"spectrin repeat containing nuclear envelope protein 1","gene with protein product"
1800,T095365,12,0.0060,p1@ECHDC2,55268,23408,"Q86YB7,F5GWU3",ECHDC2,"enoyl-CoA hydratase domain containing 2","gene with protein product"
1801,T004343,12,0.0060,p5@NRP1,8829,8004,"E7EX60,Q5T7F1",NRP1,"neuropilin 1","gene with protein product"
1802,T188515,12,0.0060,p7@KIAA0368,23392,29020,,KIAA0368,KIAA0368,"gene with protein product"
1803,T032595,12,0.0060,p23@FRY,10129,20367,B1ALA1,FRY,"FRY microtubule binding protein","gene with protein product"
1804,T172756,12,0.0060,p2@SMARCD3,6604,11108,,SMARCD3,"SWI/SNF related, matrix associated, actin dependent regulator of chromatin, subfamily d, member 3","gene with protein product"
1805,T006812,12,0.0060,p2@SYNPO2L,79933,23532,Q9H987,SYNPO2L,"synaptopodin 2 like","gene with protein product"
1806,T110353,12,0.0060,p6@C2orf29,55571,25217,,CNOT11,"CCR4-NOT transcription complex subunit 11","gene with protein product"
1807,T117974,12,0.0060,p4@ACADL,33,88,,ACADL,"acyl-CoA dehydrogenase, long chain","gene with protein product"
1808,T115682,12,0.0060,p36@TTN,7273,12403,F5H6D1,TTN,titin,"gene with protein product"
1809,T097420,12,0.0060,p8@HS2ST1,9653,5193,,HS2ST1,"heparan sulfate 2-O-sulfotransferase 1","gene with protein product"
1810,T200476,12,0.0060,p4@PFKFB1,5207,8872,B4DUN5,PFKFB1,"6-phosphofructo-2-kinase/fructose-2,6-biphosphatase 1","gene with protein product"
1811,T119793,12,0.0060,p3@SPHKAP,80309,30619,Q2M3C7,SPHKAP,"SPHK1 interactor, AKAP domain containing","gene with protein product"
1812,T016314,12,0.0060,p2@MACROD1,28992,29598,,MACROD1,"MACRO domain containing 1","gene with protein product"
1813,T186412,12,0.0060,p1@STAU2,27067,11371,"F8VPI7,E9PEI3,E5RGQ5,E7ER74",STAU2,"staufen double-stranded RNA binding protein 2","gene with protein product"
1814,T072584,12,0.0060,p1@AES,166,307,"Q08117,Q14CJ1,Q8WY48",AES,"amino-terminal enhancer of split","gene with protein product"
1815,T143684,12,0.0060,p4@KLB,152831,15527,"Q86Z14,B4DYH5",KLB,"klotho beta","gene with protein product"
1816,T042596,12,0.0060,p2@MTMR10,54893,25999,"A6NGL9,Q9NXD2,Q0IJ45",MTMR10,"myotubularin related protein 10","gene with protein product"
1817,T142883,12,0.0060,p1@NAT8L,339983,26742,Q8N9F0,NAT8L,"N-acetyltransferase 8 like","gene with protein product"
1818,T136554,12,0.0060,p1@ASB14,142686,19766,"A6NK59,D2YW15,C9JX97",ASB14,"ankyrin repeat and SOCS box containing 14","gene with protein product"
1819,T119182,12,0.0060,p6@DES,1674,2770,,DES,desmin,"gene with protein product"
1820,T136982,12,0.0060,p7@ADAMTS9,56999,13202,,ADAMTS9,"ADAM metallopeptidase with thrombospondin type 1 motif 9","gene with protein product"
1821,T154709,12,0.0060,p3@C5orf35,133383,28508,,SETD9,"SET domain containing 9","gene with protein product"
1822,T072985,12,0.0060,p3@SCN1B,6324,10586,Q07699,SCN1B,"sodium voltage-gated channel beta subunit 1","gene with protein product"
1823,T114442,12,0.0060,p32@XIRP2,129446,14303,,XIRP2,"xin actin binding repeat containing 2","gene with protein product"
1824,T144125,12,0.0060,p4@CORIN,10699,19012,,CORIN,"corin, serine peptidase","gene with protein product"
1825,T057265,12,0.0060,p2@UNC45B,146862,14304,Q8IWX7,UNC45B,"unc-45 myosin chaperone B","gene with protein product"
1826,T085814,12,0.0060,p1@SDHB,6390,10681,,SDHB,"succinate dehydrogenase complex iron sulfur subunit B","gene with protein product"
1827,T048432,12,0.0060,p6@PGPEP1L,145814,27080,A6NFU8,PGPEP1L,"pyroglutamyl-peptidase I-like","gene with protein product"
1828,T026884,12,0.0060,p22@ITGA7,3679,6143,Q13683,ITGA7,"integrin subunit alpha 7","gene with protein product"
1829,T171151,12,0.0060,p1@CHCHD3,54927,21906,"Q9NX63,F8WAR4,F8WD73,A4D1N4",CHCHD3,"coiled-coil-helix-coiled-coil-helix domain containing 3","gene with protein product"
1830,T129928,12,0.0060,p1@GRIP2,,23841,,GRIP2,"glutamate receptor interacting protein 2","gene with protein product"
1831,T134778,12,0.0060,p2@HHATL,57467,13242,C9JJ25,HHATL,"hedgehog acyltransferase-like","gene with protein product"
1832,T169495,12,0.0060,p4@PRKAR2B,5577,9392,"B3KY43,P31323",PRKAR2B,"protein kinase cAMP-dependent type II regulatory subunit beta","gene with protein product"
1833,T047424,12,0.0060,p54@AKAP13,11214,371,B7ZW05,AKAP13,"A-kinase anchoring protein 13","gene with protein product"
1834,T113330,12,0.0060,p9@NEB,4703,7720,,NEB,nebulin,"gene with protein product"
1835,T188621,12,0.0060,p2@HSDL2,84263,18572,,HSDL2,"hydroxysteroid dehydrogenase like 2","gene with protein product"
1836,T023814,12,0.0060,p3@PDE3A,5139,8778,Q14432,PDE3A,"phosphodiesterase 3A","gene with protein product"
1837,T073331,11,0.0055,p7@HSPB6,126393,26511,Q8IVN0,HSPB6,"heat shock protein family B (small) member 6","gene with protein product"
1838,T198341,10,0.0050,p4@ASB11,140456,17186,Q7Z670,ASB11,"ankyrin repeat and SOCS box containing 11","gene with protein product"
1839,T196767,10,0.0050,p1@NDUFA1,4694,7683,"O15239,Q6IBB5",NDUFA1,"NADH:ubiquinone oxidoreductase subunit A1","gene with protein product"
1840,T070270,10,0.0050,p1@DAND5,199699,26780,Q8N907,DAND5,"DAN domain BMP antagonist family member 5","gene with protein product"
1841,T084475,10,0.0050,p4@DCAF8,50717,24891,Q5TAQ5,DCAF8,"DDB1 and CUL4 associated factor 8","gene with protein product"
1842,T080254,10,0.0050,"p2@GSTM2,p5@GSTM4","2948,2946","4636,4634",Q03013,GSTM4,"glutathione S-transferase mu 4","gene with protein product"
1843,T189955,10,0.0050,p6@SLC25A25,114789,20663,F8WEY9,SLC25A25,"solute carrier family 25 member 25","gene with protein product"
1844,T063553,10,0.0050,p4@ST6GALNAC2,10610,10867,Q9UJ37,ST6GALNAC2,"ST6 N-acetylgalactosaminide alpha-2,6-sialyltransferase 2","gene with protein product"
1845,T161725,10,0.0050,p1@QKI,9444,21100,"Q96PU8,Q8WY44",QKI,"QKI, KH domain containing RNA binding","gene with protein product"
1846,T191275,10,0.0050,p8@GPSM1,26086,17858,Q86YR5,GPSM1,"G-protein signaling modulator 1","gene with protein product"
1847,T002910,10,0.0050,p1@CDNF,441549,24913,Q49AH0,CDNF,"cerebral dopamine neurotrophic factor","gene with protein product"
1848,T156040,10,0.0050,p15@HOMER1,9456,17512,Q86YM6,HOMER1,"homer scaffolding protein 1","gene with protein product"
1849,T081664,10,0.0050,p23@PDE4DIP,9659,15580,,PDE4DIP,"phosphodiesterase 4D interacting protein","gene with protein product"
1850,T104300,10,0.0050,p1@CYYR1,116159,16274,"Q96J86,B7Z8X4",CYYR1,"cysteine and tyrosine rich 1","gene with protein product"
1851,T113367,10,0.0050,p16@NEB,4703,7720,,NEB,nebulin,"gene with protein product"
1852,T062323,10,0.0050,p1@ABCA5,23461,35,"E7ETD3,Q8WWZ7",ABCA5,"ATP binding cassette subfamily A member 5","gene with protein product"
1853,T100411,9,0.0045,p2@C20orf132,140699,16125,"Q9H579,Q0P682,Q6PF12",MROH8,"maestro heat like repeat family member 8","gene with protein product"
1854,T115666,9,0.0045,p64@TTN,7273,12403,A2TKE4,TTN,titin,"gene with protein product"
1855,T197071,9,0.0045,p2@AIFM1,9131,8768,,AIFM1,"apoptosis inducing factor mitochondria associated 1","gene with protein product"
1856,T014099,9,0.0045,p1@ART1,417,723,P52961,ART1,"ADP-ribosyltransferase 1","gene with protein product"
1857,T022286,9,0.0045,p6@CLIP1,6249,10461,F5H270,CLIP1,"CAP-Gly domain containing linker protein 1","gene with protein product"
1858,T073037,9,0.0045,p1@FXYD1,5348,4025,O00168,FXYD1,"FXYD domain containing ion transport regulator 1","gene with protein product"
1859,T062665,9,0.0045,p1@ACADVL,37,92,,ACADVL,"acyl-CoA dehydrogenase, very long chain","gene with protein product"
1860,T045505,9,0.0045,p1@RBPMS2,348093,19098,Q6ZRY4,RBPMS2,"RNA binding protein with multiple splicing 2","gene with protein product"
1861,T056770,9,0.0045,p2@MYO18A,399687,31104,E9PQN8,MYO18A,"myosin XVIIIA","gene with protein product"
1862,T134557,9,0.0045,p2@XIRP1,165904,14301,,XIRP1,"xin actin binding repeat containing 1","gene with protein product"
1863,T013638,9,0.0045,p3@HIPK3,10114,4915,E9PKD7,HIPK3,"homeodomain interacting protein kinase 3","gene with protein product"
1864,T128782,9,0.0045,p2@CAND2,23066,30689,"F8WBB8,E9KL24,O75155",CAND2,"cullin associated and neddylation dissociated 2 (putative)","gene with protein product"
1865,T157625,9,0.0045,p2@SESN1,27244,21595,,SESN1,"sestrin 1","gene with protein product"
1866,T055706,9,0.0045,p6@RILP,83547,30266,Q96NA2,RILP,"Rab interacting lysosomal protein","gene with protein product"
1867,T157000,9,0.0045,p15@LNPEP,4012,6656,,LNPEP,"leucyl and cystinyl aminopeptidase","gene with protein product"
1868,T128683,9,0.0045,p3@MGLL,11343,17038,Q99685,MGLL,"monoglyceride lipase","gene with protein product"
1869,T132923,9,0.0045,p6@TPRG1-AS1,,42391,,TPRG1-AS1,"TPRG1 antisense RNA 1","RNA, long non-coding"
1870,T145738,9,0.0045,"p1@FAM47E,p2@STBD1","100129583,100631383,8987","34343,24854","C9JTC9,D6RCS4,D6RB38,B3KMK8,Q6ZV65",FAM47E,"family with sequence similarity 47 member E","gene with protein product"
1871,T035740,9,0.0045,p1@ADSSL1,122622,20093,Q8N142,ADSSL1,"adenylosuccinate synthase like 1","gene with protein product"
1872,T055522,9,0.0045,p5@MYOCD,93649,16067,Q8IZQ8,MYOCD,myocardin,"gene with protein product"
1873,T045697,9,0.0045,p2@SNAPC5,10302,15484,O75971,SNAPC5,"small nuclear RNA activating complex polypeptide 5","gene with protein product"
1874,T082995,9,0.0045,p2@TPM3,7170,12012,P06753,TPM3,"tropomyosin 3","gene with protein product"
1875,T143894,9,0.0045,p2@LIMCH1,22998,29191,E9PHM7,LIMCH1,"LIM and calponin homology domains 1","gene with protein product"
1876,T114420,9,0.0045,p28@XIRP2,129446,14303,A4UGR9,XIRP2,"xin actin binding repeat containing 2","gene with protein product"
1877,T041995,9,0.0045,p3@C14orf64,388011,20111,,LINC01550,"long intergenic non-protein coding RNA 1550","RNA, long non-coding"
1878,T031611,9,0.0045,p1@CUL4A,8451,2554,Q13619,CUL4A,"cullin 4A","gene with protein product"
1879,T006339,9,0.0045,p3@AIFM2,84883,21411,C9JI05,AIFM2,"apoptosis inducing factor, mitochondria associated 2","gene with protein product"
1880,T068468,9,0.0045,p4@CDH19,28513,1758,Q96KY9,CDH19,"cadherin 19","gene with protein product"
1881,T184770,9,0.0045,p5@ANK1,286,492,Q6PK32,ANK1,"ankyrin 1","gene with protein product"
1882,T115681,9,0.0045,p22@TTN,7273,12403,F5H6D1,TTN,titin,"gene with protein product"
1883,T187645,9,0.0045,p5@TMOD1,7111,11871,P28289,TMOD1,"tropomodulin 1","gene with protein product"
1884,T129507,9,0.0045,p5@MRAS,22808,7227,C9J8Q6,MRAS,"muscle RAS oncogene homolog","gene with protein product"
1885,T036436,9,0.0045,p1@ZNF219,51222,13011,Q9P2Y4,ZNF219,"zinc finger protein 219","gene with protein product"
1886,T041662,9,0.0045,p1@ASB2,51676,16012,G3V484,ASB2,"ankyrin repeat and SOCS box containing 2","gene with protein product"
1887,T158700,9,0.0045,p2@HEY2,23493,4881,Q9UBP5,HEY2,"hes related family bHLH transcription factor with YRPW motif 2","gene with protein product"
1888,T179553,9,0.0045,p6@ZFPM2,23414,16700,Q8WW38,ZFPM2,"zinc finger protein, FOG family member 2","gene with protein product"
1889,T125594,9,0.0045,p1@SUCLG1,8802,11449,,SUCLG1,"succinate-CoA ligase alpha subunit","gene with protein product"
1890,T114405,9,0.0045,p77@XIRP2,129446,14303,,XIRP2,"xin actin binding repeat containing 2","gene with protein product"
1891,T127709,9,0.0045,p34@ZBTB20,26137,13503,"A8K251,Q9HC78",ZBTB20,"zinc finger and BTB domain containing 20","gene with protein product"
1892,T105603,9,0.0045,p2@NDUFV3,4731,7719,P56181,NDUFV3,"NADH:ubiquinone oxidoreductase subunit V3","gene with protein product"
1893,T081191,9,0.0045,p9@NPPA,4878,7939,P01160,NPPA,"natriuretic peptide A","gene with protein product"
1894,T162243,9,0.0045,p11@RBM24,221662,21539,,RBM24,"RNA binding motif protein 24","gene with protein product"
1895,T182915,9,0.0045,p16@CSGALNACT1,55790,24290,Q8TDX6,CSGALNACT1,"chondroitin sulfate N-acetylgalactosaminyltransferase 1","gene with protein product"
1896,T129504,9,0.0045,p11@MRAS,22808,7227,"O14807,Q6FGP0",MRAS,"muscle RAS oncogene homolog","gene with protein product"
1897,T120318,9,0.0045,p9@DGKD,8527,2851,,DGKD,"diacylglycerol kinase delta","gene with protein product"
1898,T096007,9,0.0045,p5@PGM1,5236,8905,F5H857,PGM1,"phosphoglucomutase 1","gene with protein product"
1899,T109421,9,0.0045,p25@CYB5R3,1727,2873,,CYB5R3,"cytochrome b5 reductase 3","gene with protein product"
1900,T081782,9,0.0045,p2@POLR3GL,84265,28466,,POLR3GL,"RNA polymerase III subunit G like","gene with protein product"
1901,T199040,9,0.0045,p2@ZFX,7543,12869,C9J682,ZFX,"zinc finger protein, X-linked","gene with protein product"
1902,T016565,9,0.0045,p2@PYGM,5837,9726,"A6NDY6,F5GZH7",PYGM,"glycogen phosphorylase, muscle associated","gene with protein product"
1903,T147244,9,0.0045,p5@PAM,5066,8596,P19021,PAM,"peptidylglycine alpha-amidating monooxygenase","gene with protein product"
1904,T080204,9,0.0045,p6@SORT1,6272,11186,"B4DWI3,Q99523",SORT1,"sortilin 1","gene with protein product"
1905,T184342,9,0.0045,p2@DUSP26,78986,28161,Q9BV47,DUSP26,"dual specificity phosphatase 26","gene with protein product"
1906,T016445,9,0.0045,p1@ESRRA,2101,3471,"P11474,F5H0E9,Q569H8,Q96I02",ESRRA,"estrogen related receptor alpha","gene with protein product"
1907,T177004,9,0.0045,p1@MLXIPL,51085,12744,,MLXIPL,"MLX interacting protein like","gene with protein product"
1908,T083449,9,0.0045,p18@ARHGEF2,9181,682,F5H3H5,ARHGEF2,"Rho/Rac guanine nucleotide exchange factor 2","gene with protein product"
1909,T021006,9,0.0045,p10@TCTN1,79600,26113,F8VSB8,TCTN1,"tectonic family member 1","gene with protein product"
1910,T088167,9,0.0045,p3@PLA2G5,5322,9038,,PLA2G5,"phospholipase A2 group V","gene with protein product"
1911,T015890,9,0.0045,p14@AHNAK,79026,347,"Q09666,E9PQE3",AHNAK,"AHNAK nucleoprotein","gene with protein product"
1912,T113854,9,0.0045,p5@TANC1,85461,29364,,TANC1,"tetratricopeptide repeat, ankyrin repeat and coiled-coil containing 1","gene with protein product"
1913,T153334,9,0.0045,p2@SDHA,6389,10680,,SDHA,"succinate dehydrogenase complex flavoprotein subunit A","gene with protein product"
1914,T068305,9,0.0045,p14@BCL2,596,990,P10415,BCL2,"BCL2, apoptosis regulator","gene with protein product"
1915,T114428,9,0.0045,p50@XIRP2,129446,14303,A4UGR9,XIRP2,"xin actin binding repeat containing 2","gene with protein product"
1916,T159193,9,0.0045,p3@EYA4,2070,3522,F2Z2Y1,EYA4,"EYA transcriptional coactivator and phosphatase 4","gene with protein product"
1917,T143034,9,0.0045,p6@PPARGC1A,10891,9237,,PPARGC1A,"PPARG coactivator 1 alpha","gene with protein product"
1918,T158990,9,0.0045,p6@EPB41L2,2037,3379,,EPB41L2,"erythrocyte membrane protein band 4.1 like 2","gene with protein product"
1919,T104207,9,0.0045,p1@ATP5J,522,847,P18859,ATP5J,"ATP synthase, H+ transporting, mitochondrial Fo complex subunit F6","gene with protein product"
1920,T173824,9,0.0045,p13@RAPGEF5,9771,16862,C9JHM4,RAPGEF5,"Rap guanine nucleotide exchange factor 5","gene with protein product"
1921,T189715,9,0.0045,p1@ANGPTL2,23452,490,Q8NCH7,ANGPTL2,"angiopoietin like 2","gene with protein product"
1922,T019332,9,0.0045,p2@FZD4,8322,4042,Q9ULV1,FZD4,"frizzled class receptor 4","gene with protein product"
1923,T133140,9,0.0045,p1@FGF12,2257,3668,"C9JUK8,P61328",FGF12,"fibroblast growth factor 12","gene with protein product"
1924,T045288,9,0.0045,p6@TPM1,7168,12010,,TPM1,"tropomyosin 1 (alpha)","gene with protein product"
1925,T113855,9,0.0045,p3@TANC1,85461,29364,,TANC1,"tetratricopeptide repeat, ankyrin repeat and coiled-coil containing 1","gene with protein product"
1926,T198748,9,0.0045,p2@RAI2,10742,9835,,RAI2,"retinoic acid induced 2","gene with protein product"
1927,T045569,9,0.0045,p1@KBTBD13,390594,37227,C9JR72,KBTBD13,"kelch repeat and BTB domain containing 13","gene with protein product"
1928,T088150,9,0.0045,p1@PRELP,5549,9357,P51888,PRELP,"proline and arginine rich end leucine rich repeat protein","gene with protein product"
1929,T025447,9,0.0045,p3@PFKM,5213,8877,F8VP00,PFKM,"phosphofructokinase, muscle","gene with protein product"
1930,T025906,9,0.0045,p2@KCNA5,3741,6224,P22460,KCNA5,"potassium voltage-gated channel subfamily A member 5","gene with protein product"
1931,T140959,7,0.0035,p1@FBXL5,26234,13602,D6RED6,FBXL5,"F-box and leucine rich repeat protein 5","gene with protein product"
1932,T009719,7,0.0035,p6@HSPB2,3316,5247,Q16082,HSPB2,"heat shock protein family B (small) member 2","gene with protein product"
1933,T111685,7,0.0035,p2@TMEM37,140738,18216,Q8WXS4,TMEM37,"transmembrane protein 37","gene with protein product"
1934,T060222,7,0.0035,p1@CHRNE,1145,1966,Q04844,CHRNE,"cholinergic receptor nicotinic epsilon subunit","gene with protein product"
1935,T136593,7,0.0035,p13@SLMAP,7871,16643,B7Z964,SLMAP,"sarcolemma associated protein","gene with protein product"
1936,T162244,7,0.0035,p6@RBM24,221662,21539,,RBM24,"RNA binding motif protein 24","gene with protein product"
1937,T114412,7,0.0035,p33@XIRP2,129446,14303,A4UGR9,XIRP2,"xin actin binding repeat containing 2","gene with protein product"
1938,T096820,7,0.0035,p8@NEXN,91624,29557,E7ETM8,NEXN,"nexilin F-actin binding protein","gene with protein product"
1939,T068047,7,0.0035,p22@ALPK2,115701,20565,Q86TB3,ALPK2,"alpha kinase 2","gene with protein product"
1940,T082283,7,0.0035,p2@FAM63A,55793,25648,"D3DV11,Q8N5J2",FAM63A,"family with sequence similarity 63 member A","gene with protein product"
1941,T044037,7,0.0035,p2@SQRDL,58472,20390,Q9Y6N5,SQRDL,"sulfide quinone reductase-like (yeast)","gene with protein product"
1942,T014195,7,0.0035,p4@RRM1,6240,10451,P23921,RRM1,"ribonucleotide reductase catalytic subunit M1","gene with protein product"
1943,T186540,7,0.0035,p2@PKIA,5569,9017,,PKIA,"cAMP-dependent protein kinase inhibitor alpha","gene with protein product"
1944,T191837,7,0.0035,p1@FREM1,158326,23399,,FREM1,"FRAS1 related extracellular matrix 1","gene with protein product"
1945,T019684,7,0.0035,p9@AMOTL1,154810,17811,F8WDH4,AMOTL1,"angiomotin like 1","gene with protein product"
1946,T128393,7,0.0035,p3@KALRN,8997,4814,"C9JQ37,O60229",KALRN,"kalirin, RhoGEF kinase","gene with protein product"
1947,T179046,6,0.0030,p2@COX6C,1345,2285,,COX6C,"cytochrome c oxidase subunit 6C","gene with protein product"
1948,T195877,6,0.0030,p2@CLCN4,1183,2022,"P51793,A1L3U1",CLCN4,"chloride voltage-gated channel 4","gene with protein product"
1949,T179313,6,0.0030,p10@UBR5,51366,16806,O95071,UBR5,"ubiquitin protein ligase E3 component n-recognin 5","gene with protein product"
1950,T023929,6,0.0030,p9@KCNJ8,3764,6269,,KCNJ8,"potassium voltage-gated channel subfamily J member 8","gene with protein product"
1951,T094439,6,0.0030,p2@SCMH1,22955,19003,,SCMH1,"sex comb on midleg homolog 1 (Drosophila)","gene with protein product"
1952,T037636,6,0.0030,p1@HECTD1,25831,20157,,HECTD1,"HECT domain E3 ubiquitin protein ligase 1","gene with protein product"
1953,T189897,6,0.0030,p1@AK1,203,361,F8VRY5,AK1,"adenylate kinase 1","gene with protein product"
1954,T109457,6,0.0030,p8@PACSIN2,11252,8571,B0QYG9,PACSIN2,"protein kinase C and casein kinase substrate in neurons 2","gene with protein product"
1955,T056845,6,0.0030,p2@CORO6,84940,21356,,CORO6,"coronin 6","gene with protein product"
1956,T055898,6,0.0030,p4@PLD6,201164,30447,Q8N2A8,PLD6,"phospholipase D family member 6","gene with protein product"
1957,T169455,6,0.0030,p2@CCDC71L,168455,26685,,CCDC71L,"coiled-coil domain containing 71-like","gene with protein product"
1958,T193806,6,0.0030,p1@KLF9,687,1123,Q13886,KLF9,"Kruppel like factor 9","gene with protein product"
1959,T139257,6,0.0030,p2@SYNPO2,171024,17732,"Q9UMS6,B4E258,E9PEM2",SYNPO2,"synaptopodin 2","gene with protein product"
1960,T002542,6,0.0030,p1@PHYH,5264,8940,C9JR86,PHYH,"phytanoyl-CoA 2-hydroxylase","gene with protein product"
1961,T072957,6,0.0030,p14@GRAMD1A,57655,29305,F5GZ02,GRAMD1A,"GRAM domain containing 1A","gene with protein product"
1962,T053941,6,0.0030,p1@LDHD,197257,19708,Q86WU2,LDHD,"lactate dehydrogenase D","gene with protein product"
1963,T170237,6,0.0030,p8@C7orf58,79974,26159,,CPED1,"cadherin like and PC-esterase domain containing 1","gene with protein product"
1964,T162255,6,0.0030,p2@CAP2,10486,20039,E9PDI0,CAP2,"CAP, adenylate cyclase-associated protein, 2 (yeast)","gene with protein product"
1965,T166174,6,0.0030,p2@SLC29A1,2030,11003,Q99808,SLC29A1,"solute carrier family 29 member 1 (Augustine blood group)","gene with protein product"
1966,T020927,6,0.0030,p3@ATP2A2,488,812,P16615,ATP2A2,"ATPase sarcoplasmic/endoplasmic reticulum Ca2+ transporting 2","gene with protein product"
1967,T018748,6,0.0030,p1@C11orf67,28971,30205,"E9PLK9,Q9H7C9",AAMDC,"adipogenesis associated Mth938 domain containing","gene with protein product"
1968,T109773,6,0.0030,p1@PPARA,5465,9232,,PPARA,"peroxisome proliferator activated receptor alpha","gene with protein product"
1969,T176115,6,0.0030,p1@VWC2,375567,30200,Q2TAL6,VWC2,"von Willebrand factor C domain containing 2","gene with protein product"
1970,T060452,6,0.0030,p1@SLC25A11,8402,10981,Q02978,SLC25A11,"solute carrier family 25 member 11","gene with protein product"
1971,T104743,6,0.0030,p2@ITSN1,6453,6183,"E9PD98,F8W7L8,F5H153,B4DTM2,F8W7U0,A8CTX8,Q15811,Q6PD56",ITSN1,"intersectin 1","gene with protein product"
1972,T114440,6,0.0030,p72@XIRP2,129446,14303,A4UGR9,XIRP2,"xin actin binding repeat containing 2","gene with protein product"
1973,T128377,6,0.0030,p7@PPARG,5468,9236,P37231,PPARG,"peroxisome proliferator activated receptor gamma","gene with protein product"
1974,T075531,6,0.0030,p7@CKM,1158,1994,P06732,CKM,"creatine kinase, M-type","gene with protein product"
1975,T144682,6,0.0030,p6@TECRL,253017,27365,,TECRL,"trans-2,3-enoyl-CoA reductase-like","gene with protein product"
1976,T065917,6,0.0030,p8@C18orf1,753,1224,O15165,LDLRAD4,"low density lipoprotein receptor class A domain containing 4","gene with protein product"
1977,T081319,6,0.0030,p7@MFN2,9927,16877,B3KMR3,MFN2,"mitofusin 2","gene with protein product"
1978,T023917,6,0.0030,p5@LDHB,3945,6541,,LDHB,"lactate dehydrogenase B","gene with protein product"
1979,T007701,6,0.0030,p1@SNCG,6623,11141,F8W754,SNCG,"synuclein gamma","gene with protein product"
1980,T001285,6,0.0030,p1@NHLRC2,374354,24731,"Q8NBF2,Q7Z658",NHLRC2,"NHL repeat containing 2","gene with protein product"
1981,T140389,6,0.0030,p1@ARHGAP10,79658,26099,A1A4S6,ARHGAP10,"Rho GTPase activating protein 10","gene with protein product"
1982,T007657,6,0.0030,p2@LDB3,11155,15710,F5H0C2,LDB3,"LIM domain binding 3","gene with protein product"
1983,T114441,6,0.0030,p27@XIRP2,129446,14303,,XIRP2,"xin actin binding repeat containing 2","gene with protein product"
1984,T032235,6,0.0030,p1@MTIF3,219402,29788,Q9H2K0,MTIF3,"mitochondrial translational initiation factor 3","gene with protein product"
1985,T110351,6,0.0030,p18@C2orf29,55571,25217,,CNOT11,"CCR4-NOT transcription complex subunit 11","gene with protein product"
1986,T035586,6,0.0030,p2@MARK3,4140,6897,,MARK3,"microtubule affinity regulating kinase 3","gene with protein product"
1987,T166172,6,0.0030,p3@SLC29A1,2030,11003,"Q99808,F5GX17",SLC29A1,"solute carrier family 29 member 1 (Augustine blood group)","gene with protein product"
1988,T045301,6,0.0030,p9@TPM1,7168,12010,,TPM1,"tropomyosin 1 (alpha)","gene with protein product"
1989,T027108,6,0.0030,p6@COQ10A,93058,26515,,COQ10A,"coenzyme Q10A","gene with protein product"
1990,T099407,6,0.0030,p1@IDH3B,3420,5385,"E9PGU4,O43837",IDH3B,"isocitrate dehydrogenase 3 (NAD(+)) beta","gene with protein product"
1991,T197533,6,0.0030,p1@EGFL6,25975,3235,Q8IUX8,EGFL6,"EGF like domain multiple 6","gene with protein product"
1992,T124596,6,0.0030,p1@BMP10,27302,20869,O95393,BMP10,"bone morphogenetic protein 10","gene with protein product"
1993,T049626,6,0.0030,p3@ACSM5,54988,26060,Q6NUN0,ACSM5,"acyl-CoA synthetase medium-chain family member 5","gene with protein product"
1994,T136648,6,0.0030,p2@RPP14,11102,30327,,RPP14,"ribonuclease P/MRP subunit p14","gene with protein product"
1995,T108220,6,0.0030,p2@MB,4151,6915,F2Z337,MB,myoglobin,"gene with protein product"
1996,T114744,6,0.0030,p1@SLC25A12,8604,10982,"O75746,B4DGK6",SLC25A12,"solute carrier family 25 member 12","gene with protein product"
1997,T149947,6,0.0030,p8@ARHGAP26,23092,17073,,ARHGAP26,"Rho GTPase activating protein 26","gene with protein product"
1998,T088544,6,0.0030,p3@SLC41A1,254428,19429,Q8IVJ1,SLC41A1,"solute carrier family 41 member 1","gene with protein product"
1999,T008890,6,0.0030,p7@YAP1,10413,16262,"P46937,F5GWC5,F5H202",YAP1,"Yes associated protein 1","gene with protein product"
2000,T022544,6,0.0030,p10@CCDC92,80212,29563,"F5H2Z7,Q53HC0",CCDC92,"coiled-coil domain containing 92","gene with protein product"
2001,T182136,6,0.0030,p1@GPIHBP1,338328,24945,Q8IV16,GPIHBP1,"glycosylphosphatidylinositol anchored high density lipoprotein binding protein 1","gene with protein product"
2002,T115683,6,0.0030,p25@TTN,7273,12403,F5H6D1,TTN,titin,"gene with protein product"
2003,T200270,6,0.0030,p3@SHROOM4,57477,29215,,SHROOM4,"shroom family member 4","gene with protein product"
2004,T198782,6,0.0030,p13@PHKA2,5256,8926,P46019,PHKA2,"phosphorylase kinase regulatory subunit alpha 2","gene with protein product"
2005,T042074,6,0.0030,p2@MEF2A,4205,6993,,MEF2A,"myocyte enhancer factor 2A","gene with protein product"
2006,T003605,6,0.0030,p7@KIAA1217,56243,25428,,KIAA1217,KIAA1217,"gene with protein product"
2007,T041334,6,0.0030,p5@C14orf159,80017,20498,E5RJL7,C14orf159,"chromosome 14 open reading frame 159","gene with protein product"
2008,T001996,6,0.0030,p3@ACADSB,36,91,"P45954,Q5SQN6",ACADSB,"acyl-CoA dehydrogenase, short/branched chain","gene with protein product"
2009,T091502,6,0.0030,p3@MTR,4548,7468,,MTR,"5-methyltetrahydrofolate-homocysteine methyltransferase","gene with protein product"
2010,T129069,6,0.0030,p11@ATP2C1,27032,13211,G3XAH8,ATP2C1,"ATPase secretory pathway Ca2+ transporting 1","gene with protein product"
2011,T194520,6,0.0030,"p1@ISCA1,p2@GOLM1","81689,51280","28660,15451","Q5TBE9,Q9BUE6",ISCA1,"iron-sulfur cluster assembly 1","gene with protein product"
2012,T011549,6,0.0030,p11@TEAD1,7003,11714,P28347,TEAD1,"TEA domain transcription factor 1","gene with protein product"
2013,T169530,6,0.0030,p3@COG5,10466,14857,,COG5,"component of oligomeric golgi complex 5","gene with protein product"
2014,T183205,6,0.0030,p5@SLC39A14,23516,20858,E5RFF5,SLC39A14,"solute carrier family 39 member 14","gene with protein product"
2015,T129826,6,0.0030,p7@PCOLCE2,26577,8739,,PCOLCE2,"procollagen C-endopeptidase enhancer 2","gene with protein product"
2016,T115718,6,0.0030,p15@TTN,7273,12403,,TTN,titin,"gene with protein product"
2017,T029597,6,0.0030,p1@FOXJ2,55810,24818,Q9P0K8,FOXJ2,"forkhead box J2","gene with protein product"
2018,T124216,6,0.0030,p2@UGP2,7360,12527,"F2Z3H1,C9J3M0,F2Z3P4",UGP2,"UDP-glucose pyrophosphorylase 2","gene with protein product"
2019,T131184,6,0.0030,p10@B3GALNT1,8706,918,"O75752,Q8TDY1",B3GALNT1,"beta-1,3-N-acetylgalactosaminyltransferase 1 (globoside blood group)","gene with protein product"
2020,T191356,6,0.0030,p2@AGPAT2,10555,325,,AGPAT2,"1-acylglycerol-3-phosphate O-acyltransferase 2","gene with protein product"
2021,T183346,6,0.0030,p8@PEBP4,157310,28319,Q96S96,PEBP4,"phosphatidylethanolamine binding protein 4","gene with protein product"
2022,T115659,6,0.0030,p52@TTN,7273,12403,,TTN,titin,"gene with protein product"
2023,T143687,6,0.0030,p5@KLB,152831,15527,"Q86Z14,B7ZL50",KLB,"klotho beta","gene with protein product"
2024,T020797,6,0.0030,p14@ACACB,32,85,,ACACB,"acetyl-CoA carboxylase beta","gene with protein product"
2025,T075567,6,0.0030,p13@CKM,1158,1994,P06732,CKM,"creatine kinase, M-type","gene with protein product"
2026,T193946,6,0.0030,p1@ZFAND5,7763,13008,O76080,ZFAND5,"zinc finger AN1-type containing 5","gene with protein product"
2027,T161237,6,0.0030,p8@SYTL3,94120,15587,F8W7H4,SYTL3,"synaptotagmin like 3","gene with protein product"
2028,T092667,6,0.0030,p1@TRIM63,84676,16007,Q969Q1,TRIM63,"tripartite motif containing 63","gene with protein product"
2029,T059040,6,0.0030,p1@DUSP3,1845,3069,Q8IYJ9,DUSP3,"dual specificity phosphatase 3","gene with protein product"
2030,T151748,6,0.0030,p16@FAM134B,54463,25964,,FAM134B,"family with sequence similarity 134 member B","gene with protein product"
2031,T119181,6,0.0030,p5@DES,1674,2770,,DES,desmin,"gene with protein product"
2032,T006072,6,0.0030,p2@C10orf108,414235,30724,Q5VXK3,PRR26,"proline rich 26",unknown
2033,T135485,6,0.0030,p1@UQCRC1,7384,12585,"F8WEF1,F8WER5,P31930",UQCRC1,"ubiquinol-cytochrome c reductase core protein I","gene with protein product"
2034,T153489,6,0.0030,p1@PDZD2,23037,18486,"E7EUJ3,O15018",PDZD2,"PDZ domain containing 2","gene with protein product"
2035,T158701,6,0.0030,p1@HEY2,23493,4881,Q9UBP5,HEY2,"hes related family bHLH transcription factor with YRPW motif 2","gene with protein product"
2036,T129602,6,0.0030,p2@NMNAT3,349565,20989,"Q49AL4,D6R975",NMNAT3,"nicotinamide nucleotide adenylyltransferase 3","gene with protein product"
2037,T123374,6,0.0030,p7@STON1-GTF2A1L,286749,30651,"Q53S48,Q3MIM1",STON1-GTF2A1L,"STON1-GTF2A1L readthrough",readthrough
2038,T033811,6,0.0030,p1@DHRS12,79758,25832,A0PJE2,DHRS12,"dehydrogenase/reductase 12","gene with protein product"
2039,T187794,6,0.0030,p9@COL15A1,1306,2192,P39059,COL15A1,"collagen type XV alpha 1 chain","gene with protein product"
2040,T078111,6,0.0030,p1@TNNT1,7138,11948,Q3B759,TNNT1,"troponin T1, slow skeletal type","gene with protein product"
2041,T020805,6,0.0030,p1@ACACB,32,85,F5H5C3,ACACB,"acetyl-CoA carboxylase beta","gene with protein product"
2042,T030280,6,0.0030,p5@A2M,2,7,P01023,A2M,alpha-2-macroglobulin,"gene with protein product"
2043,T006150,6,0.0030,p2@SLC25A16,8034,10986,P16260,SLC25A16,"solute carrier family 25 member 16","gene with protein product"
2044,T147243,6,0.0030,p2@PAM,5066,8596,P19021,PAM,"peptidylglycine alpha-amidating monooxygenase","gene with protein product"
2045,T128286,6,0.0030,p17@PPARG,5468,9236,E9PFV2,PPARG,"peroxisome proliferator activated receptor gamma","gene with protein product"
2046,T150747,6,0.0030,p28@SYNPO,11346,30672,Q8N3V7,SYNPO,synaptopodin,"gene with protein product"
2047,T200271,6,0.0030,p2@SHROOM4,57477,29215,,SHROOM4,"shroom family member 4","gene with protein product"
2048,T020808,6,0.0030,p15@ACACB,32,85,,ACACB,"acetyl-CoA carboxylase beta","gene with protein product"
2049,T066909,6,0.0030,p24@FHOD3,80206,26178,,FHOD3,"formin homology 2 domain containing 3","gene with protein product"
2050,T087406,6,0.0030,p1@NEK7,140609,13386,C9J1H8,NEK7,"NIMA related kinase 7","gene with protein product"
2051,T040765,6,0.0030,p1@KIAA1737,85457,20365,"G3V405,G3V310,Q9C0C6",CIPC,"CLOCK interacting pacemaker","gene with protein product"
2052,T127708,6,0.0030,p22@ZBTB20,26137,13503,,ZBTB20,"zinc finger and BTB domain containing 20","gene with protein product"
2053,T035718,6,0.0030,p1@C14orf180,400258,33795,"Q8N912,G3V2Z8",C14orf180,"chromosome 14 open reading frame 180","gene with protein product"
2054,T020078,6,0.0030,p4@CHPT1,56994,17852,,CHPT1,"choline phosphotransferase 1","gene with protein product"
2055,T128509,6,0.0030,p2@ALDH1L1,10840,3978,F2Z324,ALDH1L1,"aldehyde dehydrogenase 1 family member L1","gene with protein product"
2056,T119199,6,0.0030,p13@DES,1674,2770,,DES,desmin,"gene with protein product"
2057,T149195,6,0.0030,p5@MYOT,9499,12399,Q9UBF9,MYOT,myotilin,"gene with protein product"
2058,T135858,4,0.0020,p4@C3orf45,132228,26781,,LSMEM2,"leucine rich single-pass membrane protein 2","gene with protein product"
2059,T162281,4,0.0020,p10@NUP153,9972,8062,"P49790,Q4LE47",NUP153,"nucleoporin 153","gene with protein product"
2060,T047210,4,0.0020,p3@FSD2,123722,18024,,FSD2,"fibronectin type III and SPRY domain containing 2","gene with protein product"
2061,T068046,4,0.0020,p51@ALPK2,115701,20565,Q86TB3,ALPK2,"alpha kinase 2","gene with protein product"
2062,T052238,4,0.0020,p1@CES1,"100653057,1066",1863,B7Z795,CES1,"carboxylesterase 1","gene with protein product"
2063,T013096,4,0.0020,p13@C11orf21,29125,13231,,C11orf21,"chromosome 11 open reading frame 21","gene with protein product"
2064,T001345,4,0.0020,p24@ABLIM1,3983,78,F8WAB1,ABLIM1,"actin binding LIM protein 1","gene with protein product"
2065,T183204,4,0.0020,p7@SLC39A14,23516,20858,E5RFF5,SLC39A14,"solute carrier family 39 member 14","gene with protein product"
2066,T070254,4,0.0020,p1@RAD23A,5886,9812,B4DDJ7,RAD23A,"RAD23 homolog A, nucleotide excision repair protein","gene with protein product"
2067,T073337,4,0.0020,p17@HSPB6,126393,26511,Q8IVN0,HSPB6,"heat shock protein family B (small) member 6","gene with protein product"
2068,T114432,4,0.0020,p93@XIRP2,129446,14303,,XIRP2,"xin actin binding repeat containing 2","gene with protein product"
2069,T114402,3,0.0015,p24@XIRP2,129446,14303,A4UGR9,XIRP2,"xin actin binding repeat containing 2","gene with protein product"
2070,T057939,3,0.0015,p1@ORMDL3,94103,16038,Q8N138,ORMDL3,"ORMDL sphingolipid biosynthesis regulator 3","gene with protein product"
2071,T021419,3,0.0015,p15@TBX5,6910,11604,Q99593,TBX5,"T-box 5","gene with protein product"
2072,T052677,3,0.0015,p9@NDRG4,65009,14466,Q9ULP0,NDRG4,"NDRG family member 4","gene with protein product"
2073,T193384,3,0.0015,p1@CDC37L1,55664,17179,"Q7L3B6,B1AL69",CDC37L1,"cell division cycle 37 like 1","gene with protein product"
2074,T122257,3,0.0015,p20@RASGRP3,25780,14545,C9K0P4,RASGRP3,"RAS guanyl releasing protein 3","gene with protein product"
2075,T141290,3,0.0015,p4@RAPGEF2,9693,16854,,RAPGEF2,"Rap guanine nucleotide exchange factor 2","gene with protein product"
2076,T042645,3,0.0015,p34@KLF13,51621,13672,,KLF13,"Kruppel like factor 13","gene with protein product"
2077,T052237,3,0.0015,p2@CES1,"100653057,1066",1863,B7Z795,CES1,"carboxylesterase 1","gene with protein product"
2078,T146778,3,0.0015,p1@PPM1K,152926,25415,,PPM1K,"protein phosphatase, Mg2+/Mn2+ dependent 1K","gene with protein product"
2079,T122311,3,0.0015,p3@ADI1,55256,30576,Q9BV57,ADI1,"acireductone dioxygenase 1","gene with protein product"
2080,T179617,3,0.0015,p2@OXR1,55074,15822,"Q8N573,E5RFD1",OXR1,"oxidation resistance 1","gene with protein product"
2081,T089732,3,0.0015,p12@ESRRG,2104,3474,P62508,ESRRG,"estrogen related receptor gamma","gene with protein product"
2082,T152511,3,0.0015,p4@HRH2,3274,5183,P25021,HRH2,"histamine receptor H2","gene with protein product"
2083,T114419,3,0.0015,p46@XIRP2,129446,14303,A4UGR9,XIRP2,"xin actin binding repeat containing 2","gene with protein product"
2084,T079420,3,0.0015,p1@KANK3,256949,24796,Q6NY19,KANK3,"KN motif and ankyrin repeat domains 3","gene with protein product"
2085,T095552,3,0.0015,p2@USP24,23358,12623,Q9UPU5,USP24,"ubiquitin specific peptidase 24","gene with protein product"
2086,T073320,3,0.0015,p3@HSPB6,126393,26511,,HSPB6,"heat shock protein family B (small) member 6","gene with protein product"
2087,T096006,3,0.0015,p13@PGM1,5236,8905,F5H857,PGM1,"phosphoglucomutase 1","gene with protein product"
2088,T131093,3,0.0015,p29@SCHIP1,29970,15678,C9JWG6,SCHIP1,"schwannomin interacting protein 1","gene with protein product"
2089,T142565,3,0.0015,p2@PDLIM3,27295,20767,D6RAF1,PDLIM3,"PDZ and LIM domain 3","gene with protein product"
2090,T025120,3,0.0015,p6@ANO6,196527,25240,E9PCT2,ANO6,"anoctamin 6","gene with protein product"
2091,T115685,3,0.0015,p7@TTN,7273,12403,,TTN,titin,"gene with protein product"
2092,T097419,3,0.0015,p6@HS2ST1,9653,5193,,HS2ST1,"heparan sulfate 2-O-sulfotransferase 1","gene with protein product"
2093,T073335,3,0.0015,p21@HSPB6,126393,26511,Q8IVN0,HSPB6,"heat shock protein family B (small) member 6","gene with protein product"
2094,T086161,3,0.0015,p3@ARHGEF10L,55160,25540,B4DTL3,ARHGEF10L,"Rho guanine nucleotide exchange factor 10 like","gene with protein product"
2095,T025451,3,0.0015,p1@ASB8,140461,17183,"B4DLI4,F5H772,F5GYF0,F5H243,F5H6A7",ASB8,"ankyrin repeat and SOCS box containing 8","gene with protein product"
2096,T065842,3,0.0015,p3@AFG3L2,10939,315,Q9Y4W6,AFG3L2,"AFG3 like matrix AAA peptidase subunit 2","gene with protein product"
2097,T188354,3,0.0015,"p12@PALM2-AKAP2,p6@PALM2","445815,114299","33529,15845","Q9Y2D5,Q8IXS6",PALM2-AKAP2,"PALM2-AKAP2 readthrough",readthrough
2098,T075565,3,0.0015,p12@CKM,1158,1994,P06732,CKM,"creatine kinase, M-type","gene with protein product"
2099,T143182,3,0.0015,p19@RBPJ,3516,5724,D6RAT2,RBPJ,"recombination signal binding protein for immunoglobulin kappa J region","gene with protein product"
2100,T054823,3,0.0015,p4@FBXO31,79791,16510,,FBXO31,"F-box protein 31","gene with protein product"
2101,T097961,3,0.0015,p10@BCAR3,8412,973,Q5TEW3,BCAR3,"breast cancer anti-estrogen resistance 3","gene with protein product"
2102,T149549,3,0.0015,p10@APBB3,10307,20708,,APBB3,"amyloid beta precursor protein binding family B member 3",unknown
2103,T035475,3,0.0015,p4@ANKRD9,122416,20096,Q96BM1,ANKRD9,"ankyrin repeat domain 9","gene with protein product"
2104,T161894,3,0.0015,p1@BRP44L,51660,21606,,MPC1,"mitochondrial pyruvate carrier 1","gene with protein product"
2105,T117235,3,0.0015,p29@CFLAR,8837,1876,C9JSU3,CFLAR,"CASP8 and FADD like apoptosis regulator","gene with protein product"
2106,T175598,3,0.0015,p2@PGAM2,5224,8889,P15259,PGAM2,"phosphoglycerate mutase 2","gene with protein product"
2107,T110580,3,0.0015,p3@TMEM182,130827,26391,Q6ZP80,TMEM182,"transmembrane protein 182","gene with protein product"
2108,T075532,3,0.0015,p10@CKM,1158,1994,P06732,CKM,"creatine kinase, M-type","gene with protein product"
2109,T067334,3,0.0015,p1@ATP5A1,498,823,A8K092,ATP5A1,"ATP synthase, H+ transporting, mitochondrial F1 complex, alpha subunit 1, cardiac muscle","gene with protein product"
2110,T106507,3,0.0015,p3@TUBA8,51807,12410,Q9NY65,TUBA8,"tubulin alpha 8","gene with protein product"
2111,T045302,3,0.0015,p5@TPM1,7168,12010,,TPM1,"tropomyosin 1 (alpha)","gene with protein product"
2112,T005607,3,0.0015,p5@ANK3,288,494,D6RHY3,ANK3,"ankyrin 3","gene with protein product"
2113,T172529,3,0.0015,p7@GIMAP8,155038,21792,Q8ND71,GIMAP8,"GTPase, IMAP family member 8","gene with protein product"
2114,T001099,3,0.0015,p2@ADRA2A,150,281,P08913,ADRA2A,"adrenoceptor alpha 2A","gene with protein product"
2115,T027300,3,0.0015,p6@LRP1,4035,6692,Q7Z7K9,LRP1,"LDL receptor related protein 1","gene with protein product"
2116,T032952,3,0.0015,p3@FOXO1,2308,3819,Q12778,FOXO1,"forkhead box O1","gene with protein product"
2117,T009721,3,0.0015,p2@HSPB2,3316,5247,Q16082,HSPB2,"heat shock protein family B (small) member 2","gene with protein product"
2118,T040012,3,0.0015,p7@GALNTL1,57452,23233,Q68VJ8,GALNT16,"polypeptide N-acetylgalactosaminyltransferase 16","gene with protein product"
2119,T052680,3,0.0015,p2@NDRG4,65009,14466,,NDRG4,"NDRG family member 4","gene with protein product"
2120,T076144,3,0.0015,p1@FEM1A,55527,16934,Q9BSK4,FEM1A,"fem-1 homolog A","gene with protein product"
2121,T187792,3,0.0015,p12@COL15A1,1306,2192,P39059,COL15A1,"collagen type XV alpha 1 chain","gene with protein product"
2122,T142591,3,0.0015,p25@SORBS2,8470,24098,,SORBS2,"sorbin and SH3 domain containing 2","gene with protein product"
2123,T059653,3,0.0015,p1@MYL4,4635,7585,P12829,MYL4,"myosin light chain 4","gene with protein product"
2124,T175642,3,0.0015,p4@MYL7,58498,21719,"Q01449,F8WD94",MYL7,"myosin light chain 7","gene with protein product"
2125,T080885,3,0.0015,p1@CSDE1,7812,29905,E9PNG3,CSDE1,"cold shock domain containing E1","gene with protein product"
2126,T188336,3,0.0015,p19@PTPN3,5774,9655,"B7Z3V3,P26045,Q8N4S3,B7ZA03",PTPN3,"protein tyrosine phosphatase, non-receptor type 3","gene with protein product"
2127,T144127,3,0.0015,p2@CORIN,10699,19012,Q9Y5Q5,CORIN,"corin, serine peptidase","gene with protein product"
2128,T062340,3,0.0015,p7@MAP2K6,5608,6846,P52564,MAP2K6,"mitogen-activated protein kinase kinase 6","gene with protein product"
2129,T105023,3,0.0015,p4@DSCR3,10311,3044,"O14972,A8MTY9",DSCR3,"DSCR3 arrestin fold containing","gene with protein product"
2130,T184769,3,0.0015,p4@ANK1,286,492,C9JN86,ANK1,"ankyrin 1","gene with protein product"
2131,T177565,3,0.0015,p15@CD36,948,1663,"A4D1B1,P16671",CD36,"CD36 molecule","gene with protein product"
2132,T004342,3,0.0015,p3@NRP1,8829,8004,"E7EX60,Q5T7F1",NRP1,"neuropilin 1","gene with protein product"
2133,T165119,3,0.0015,p1@FKBP5,2289,3721,"Q5TGM6,B7Z7Z8,B7Z8G2,Q13451",FKBP5,"FK506 binding protein 5","gene with protein product"
2134,T008327,3,0.0015,p6@PLCE1,51196,17175,Q9P212,PLCE1,"phospholipase C epsilon 1","gene with protein product"
2135,T163463,3,0.0015,p3@NQO2,4835,7856,P16083,NQO2,"NAD(P)H quinone dehydrogenase 2","gene with protein product"
2136,T026895,3,0.0015,p2@RDH5,5959,9940,,RDH5,"retinol dehydrogenase 5","gene with protein product"
2137,T113329,3,0.0015,p12@NEB,4703,7720,,NEB,nebulin,"gene with protein product"
2138,T082882,3,0.0015,p2@NPR1,4881,7943,P16066,NPR1,"natriuretic peptide receptor 1","gene with protein product"
2139,T031560,3,0.0015,p7@MCF2L,23263,14576,,MCF2L,"MCF.2 cell line derived transforming sequence like","gene with protein product"
2140,T198920,3,0.0015,p1@KLHL34,257240,26634,Q8N239,KLHL34,"kelch like family member 34","gene with protein product"
2141,T148403,3,0.0015,p7@SLC27A6,28965,11000,Q9Y2P4,SLC27A6,"solute carrier family 27 member 6","gene with protein product"
2142,T099545,3,0.0015,p2@MYLK2,85366,16243,Q9H1R3,MYLK2,"myosin light chain kinase 2","gene with protein product"
2143,T017657,3,0.0015,p1@NUDT8,254552,8055,Q8WV74,NUDT8,"nudix hydrolase 8","gene with protein product"
2144,T131000,3,0.0015,p2@MLF1,4291,7125,Q2TLE3,MLF1,"myeloid leukemia factor 1","gene with protein product"
2145,T048431,3,0.0015,p3@PGPEP1L,145814,27080,A6NFU8,PGPEP1L,"pyroglutamyl-peptidase I-like","gene with protein product"
2146,T122985,3,0.0015,p6@THADA,63892,19217,,THADA,"THADA, armadillo repeat containing","gene with protein product"
2147,T039499,3,0.0015,p14@SYNE2,23224,17084,,SYNE2,"spectrin repeat containing nuclear envelope protein 2","gene with protein product"
2148,T059765,3,0.0015,p11@NFE2L1,4779,7781,A3KMG6,NFE2L1,"nuclear factor, erythroid 2 like 1","gene with protein product"
2149,T095504,3,0.0015,p1@ACOT11,26027,18156,Q8WXI4,ACOT11,"acyl-CoA thioesterase 11","gene with protein product"
2150,T160244,3,0.0015,p1@EPM2A,7957,3413,E7EQI8,EPM2A,"EPM2A, laforin glucan phosphatase","gene with protein product"
2151,T062794,3,0.0015,p4@TTYH2,94015,13877,B4DKD1,TTYH2,"tweety family member 2","gene with protein product"
2152,T150605,3,0.0015,p14@CAMK2A,815,1460,,CAMK2A,"calcium/calmodulin dependent protein kinase II alpha","gene with protein product"
2153,T182507,3,0.0015,p1@GPT,2875,4552,,GPT,"glutamic--pyruvic transaminase","gene with protein product"
2154,T133874,3,0.0015,p38@THRB,7068,11799,B6ZGR7,THRB,"thyroid hormone receptor beta","gene with protein product"
2155,T174820,3,0.0015,p13@AQP1,358,633,"E9PC21,Q6JSD7",AQP1,"aquaporin 1 (Colton blood group)","gene with protein product"
2156,T094941,3,0.0015,p13@MAST2,23139,19035,,MAST2,"microtubule associated serine/threonine kinase 2","gene with protein product"
2157,T092679,3,0.0015,p2@CNKSR1,10256,19700,,CNKSR1,"connector enhancer of kinase suppressor of Ras 1","gene with protein product"
2158,T128514,3,0.0015,p6@ALDH1L1,10840,3978,"O75891,C9JYZ6",ALDH1L1,"aldehyde dehydrogenase 1 family member L1","gene with protein product"
2159,T117666,3,0.0015,p1@NDUFS1,4719,7707,"B4DPG1,E7ENF3,F8WDL5,B4DJ81",NDUFS1,"NADH:ubiquinone oxidoreductase core subunit S1","gene with protein product"
2160,T146132,3,0.0015,p8@SH3TC1,54436,26009,D6RC98,SH3TC1,"SH3 domain and tetratricopeptide repeats 1","gene with protein product"
2161,T106451,3,0.0015,p3@BCL2L13,23786,17164,E9PDD6,BCL2L13,"BCL2 like 13","gene with protein product"
2162,T162816,3,0.0015,p11@CMAHP,,2098,,CMAHP,"cytidine monophospho-N-acetylneuraminic acid hydroxylase, pseudogene",pseudogene
2163,T076610,3,0.0015,p1@GYS1,2997,4706,"Q9BTT9,P13807,F5H3S3,B7Z806,F5H1N8",GYS1,"glycogen synthase 1","gene with protein product"
2164,T115714,3,0.0015,p62@TTN,7273,12403,,TTN,titin,"gene with protein product"
2165,T114444,3,0.0015,p41@XIRP2,129446,14303,,XIRP2,"xin actin binding repeat containing 2","gene with protein product"
2166,T062341,3,0.0015,p8@MAP2K6,5608,6846,P52564,MAP2K6,"mitogen-activated protein kinase kinase 6","gene with protein product"
2167,T139999,3,0.0015,p4@MGST2,4258,7063,D6RBB5,MGST2,"microsomal glutathione S-transferase 2","gene with protein product"
2168,T122762,3,0.0015,p18@SLC8A1,6546,11068,P32418,SLC8A1,"solute carrier family 8 member A1","gene with protein product"
2169,T170236,3,0.0015,p14@C7orf58,79974,26159,,CPED1,"cadherin like and PC-esterase domain containing 1","gene with protein product"
2170,T151747,3,0.0015,p11@FAM134B,54463,25964,,FAM134B,"family with sequence similarity 134 member B","gene with protein product"
2171,T113479,3,0.0015,p2@NEB,4703,7720,P20929,NEB,nebulin,"gene with protein product"
2172,T055520,3,0.0015,p3@MYOCD,93649,16067,Q8IZQ8,MYOCD,myocardin,"gene with protein product"
2173,T093577,3,0.0015,p2@FNDC5,252995,20240,Q8NAU1,FNDC5,"fibronectin type III domain containing 5","gene with protein product"
2174,T095803,3,0.0015,p4@NFIA,4774,7784,B1AKN7,NFIA,"nuclear factor I A","gene with protein product"
2175,T170210,3,0.0015,p13@TSPAN12,23554,21641,C9JC05,TSPAN12,"tetraspanin 12","gene with protein product"
2176,T014566,3,0.0015,p3@OR51E1,143503,15194,Q8TCB6,OR51E1,"olfactory receptor family 51 subfamily E member 1","gene with protein product"
2177,T163465,3,0.0015,p7@NQO2,4835,7856,Q5TD07,NQO2,"NAD(P)H quinone dehydrogenase 2","gene with protein product"
2178,T115687,3,0.0015,p31@TTN,7273,12403,,TTN,titin,"gene with protein product"
2179,T133139,3,0.0015,p5@FGF12,2257,3668,C9JIN3,FGF12,"fibroblast growth factor 12","gene with protein product"
2180,T120315,3,0.0015,p8@DGKD,8527,2851,,DGKD,"diacylglycerol kinase delta","gene with protein product"
2181,T186395,3,0.0015,p3@STAU2,27067,11371,,STAU2,"staufen double-stranded RNA binding protein 2","gene with protein product"
2182,T141138,3,0.0015,p13@FAM198B,51313,25312,,FAM198B,"family with sequence similarity 198 member B","gene with protein product"
2183,T074102,3,0.0015,p1@MIR4530,100616163,41764,,MIR4530,"microRNA 4530","RNA, micro"
2184,T186447,3,0.0015,p1@JPH1,56704,14201,Q9HDC5,JPH1,"junctophilin 1","gene with protein product"
2185,T104598,3,0.0015,p1@C21orf63,59271,13239,"A6ND58,B5MC74",EVA1C,"eva-1 homolog C","gene with protein product"
2186,T018577,3,0.0015,p2@WNT11,7481,12776,O96014,WNT11,"Wnt family member 11","gene with protein product"
2187,T073317,3,0.0015,p4@HSPB6,126393,26511,,HSPB6,"heat shock protein family B (small) member 6","gene with protein product"
2188,T124598,3,0.0015,p3@BMP10,27302,20869,O95393,BMP10,"bone morphogenetic protein 10","gene with protein product"
2189,T102351,3,0.0015,p6@C20orf30,29058,15876,Q5JWB9,TMEM230,"transmembrane protein 230","gene with protein product"
2190,T021798,3,0.0015,p1@TMEM233,387890,37219,B4DJY2,TMEM233,"transmembrane protein 233","gene with protein product"
2191,T158593,3,0.0015,p9@TRDN,10345,12261,"Q5SWK9,Q13061,Q8IVK2",TRDN,triadin,"gene with protein product"
2192,T151525,3,0.0015,p10@TTC1,7265,12391,,TTC1,"tetratricopeptide repeat domain 1","gene with protein product"
2193,T128098,3,0.0015,p6@GOLGB1,2804,4429,C9J8Q0,GOLGB1,"golgin B1","gene with protein product"
2194,T103542,3,0.0015,p4@UCKL1,54963,15938,B7Z8N2,UCKL1,"uridine-cytidine kinase 1 like 1","gene with protein product"
2195,T181166,3,0.0015,p36@DLC1,10395,2897,"E9PF76,Q86UC6,Q96QB1",DLC1,"DLC1 Rho GTPase activating protein","gene with protein product"
2196,T130551,3,0.0015,p21@MBNL1,4154,6923,"E9PBW7,Q86UV8,C9JP00,Q96RE3,Q9NR56,Q86UV9",MBNL1,"muscleblind like splicing regulator 1","gene with protein product"
2197,T153205,3,0.0015,p5@BTNL9,153579,24176,,BTNL9,"butyrophilin like 9","gene with protein product"
2198,T193426,3,0.0015,p1@KANK1,23189,19309,"Q5W0W1,Q14678,F5H7I5",KANK1,"KN motif and ankyrin repeat domains 1","gene with protein product"
2199,T013679,3,0.0015,p2@FBXO3,26273,13582,Q49AF1,FBXO3,"F-box protein 3","gene with protein product"
2200,T088151,3,0.0015,p7@PRELP,5549,9357,P51888,PRELP,"proline and arginine rich end leucine rich repeat protein","gene with protein product"
2201,T056846,3,0.0015,p1@CORO6,84940,21356,F8W759,CORO6,"coronin 6","gene with protein product"
2202,T188513,3,0.0015,p8@KIAA0368,23392,29020,,KIAA0368,KIAA0368,"gene with protein product"
2203,T049431,3,0.0015,p12@C16orf62,57020,24641,Q7Z3J2,C16orf62,"chromosome 16 open reading frame 62","gene with protein product"
2204,T016207,3,0.0015,p9@PLA2G16,11145,17825,,PLA2G16,"phospholipase A2 group XVI","gene with protein product"
2205,T065915,3,0.0015,p1@C18orf1,753,1224,O15165,LDLRAD4,"low density lipoprotein receptor class A domain containing 4","gene with protein product"
2206,T191788,3,0.0015,p1@NFIB,4781,7785,Q5VW27,NFIB,"nuclear factor I B","gene with protein product"
2207,T178560,3,0.0015,p21@PDK4,5166,8812,"A4D1H4,Q16654",PDK4,"pyruvate dehydrogenase kinase 4","gene with protein product"
2208,T143180,3,0.0015,p9@RBPJ,3516,5724,D6RAT2,RBPJ,"recombination signal binding protein for immunoglobulin kappa J region","gene with protein product"
2209,T091535,3,0.0015,p1@TCEA3,6920,11615,O75764,TCEA3,"transcription elongation factor A3","gene with protein product"
2210,T171396,3,0.0015,p2@CHRM2,1129,1951,"P08172,A4D1Q0,Q6SL56,Q86SJ1,Q6SL59",CHRM2,"cholinergic receptor muscarinic 2","gene with protein product"
2211,T084981,3,0.0015,p9@RGS5,8490,10001,,RGS5,"regulator of G-protein signaling 5","gene with protein product"
2212,T201190,3,0.0015,p3@SLC16A2,6567,10923,P36021,SLC16A2,"solute carrier family 16 member 2","gene with protein product"
2213,T049782,3,0.0015,p1@UQCRC2,7385,12586,P22695,UQCRC2,"ubiquinol-cytochrome c reductase core protein II","gene with protein product"
2214,T188172,3,0.0015,p4@TMEM38B,55151,25535,Q9NVV0,TMEM38B,"transmembrane protein 38B","gene with protein product"
2215,T184873,3,0.0015,p11@SLC20A2,6575,10947,,SLC20A2,"solute carrier family 20 member 2","gene with protein product"
2216,T073040,3,0.0015,p9@FXYD1,5348,4025,O00168,FXYD1,"FXYD domain containing ion transport regulator 1","gene with protein product"
2217,T126228,3,0.0015,p2@ITGB1BP1,9270,23927,"C9J6Y2,C9J5T5",ITGB1BP1,"integrin subunit beta 1 binding protein 1","gene with protein product"
2218,T193395,3,0.0015,p2@AK3,50808,17376,"E7ET30,Q9UIJ7",AK3,"adenylate kinase 3","gene with protein product"
2219,T120871,3,0.0015,p20@HDAC4,9759,14063,C9J0X4,HDAC4,"histone deacetylase 4","gene with protein product"
2220,T016567,3,0.0015,p1@PYGM,5837,9726,"A6NDY6,F5GZH7",PYGM,"glycogen phosphorylase, muscle associated","gene with protein product"
2221,T020940,3,0.0015,p10@ATP2A2,488,812,P16615,ATP2A2,"ATPase sarcoplasmic/endoplasmic reticulum Ca2+ transporting 2","gene with protein product"
2222,T139261,3,0.0015,p11@SYNPO2,171024,17732,Q9UMS6,SYNPO2,"synaptopodin 2","gene with protein product"
2223,T200882,3,0.0015,p1@ITGB1BP2,26548,6154,,ITGB1BP2,"integrin subunit beta 1 binding protein 2","gene with protein product"
2224,T195272,3,0.0015,p4@CDC14B,8555,1719,A8MQ20,CDC14B,"cell division cycle 14B","gene with protein product"
2225,T024728,3,0.0015,p1@PKP2,5318,9024,Q99959,PKP2,"plakophilin 2","gene with protein product"
2226,T046832,3,0.0015,p11@DNAJA4,55466,14885,"E9PDM9,Q69YX3,Q8N5Z4,Q8WW22",DNAJA4,"DnaJ heat shock protein family (Hsp40) member A4","gene with protein product"
2227,T147816,3,0.0015,p1@CDO1,1036,1795,,CDO1,"cysteine dioxygenase type 1","gene with protein product"
2228,T115314,3,0.0015,p30@TTN,7273,12403,Q8WZ42,TTN,titin,"gene with protein product"
2229,T119309,3,0.0015,p25@SLC4A3,6508,11029,E9PCP1,SLC4A3,"solute carrier family 4 member 3","gene with protein product"
2230,T166820,3,0.0015,p17@MLIP,90523,21355,,MLIP,"muscular LMNA interacting protein","gene with protein product"
2231,T139107,3,0.0015,p4@CAMK2D,817,1462,Q13557,CAMK2D,"calcium/calmodulin dependent protein kinase II delta","gene with protein product"
2232,T009708,3,0.0015,p3@CRYAB,1410,2389,P02511,CRYAB,"crystallin alpha B","gene with protein product"
2233,T047802,3,0.0015,p1@IDH2,3418,5383,"P48735,B4DSZ6",IDH2,"isocitrate dehydrogenase (NADP(+)) 2, mitochondrial","gene with protein product"
2234,T047373,3,0.0015,p43@AKAP13,11214,371,,AKAP13,"A-kinase anchoring protein 13","gene with protein product"
2235,T114381,3,0.0015,p6@SCN7A,6332,10594,C9JII9,SCN7A,"sodium voltage-gated channel alpha subunit 7","gene with protein product"
2236,T176451,3,0.0015,p5@GBAS,2631,4179,C9K068,GBAS,"glioblastoma amplified sequence","gene with protein product"
2237,T025117,3,0.0015,p11@ANO6,196527,25240,"B3KX12,Q4KMQ2,E9PCT2,B9EGG0",ANO6,"anoctamin 6","gene with protein product"
2238,T150491,3,0.0015,p3@ARHGEF37,389337,34430,A1IGU5,ARHGEF37,"Rho guanine nucleotide exchange factor 37","gene with protein product"
2239,T175009,3,0.0015,p2@TBX20,57057,11598,Q9UMR3,TBX20,"T-box 20","gene with protein product"
2240,T003534,3,0.0015,p2@MSRB2,22921,17061,Q9Y3D2,MSRB2,"methionine sulfoxide reductase B2","gene with protein product"
2241,T175695,3,0.0015,p1@OGDH,4967,8124,E9PCR7,OGDH,"oxoglutarate dehydrogenase","gene with protein product"
2242,T089559,3,0.0015,p2@SMYD2,56950,20982,Q9NRG4,SMYD2,"SET and MYND domain containing 2","gene with protein product"
2243,T016315,3,0.0015,p5@MACROD1,28992,29598,,MACROD1,"MACRO domain containing 1","gene with protein product"
2244,T002233,3,0.0015,p5@DHX32,55760,16717,Q7L7V1,DHX32,"DEAH-box helicase 32 (putative)","gene with protein product"
2245,T077341,3,0.0015,p10@VSIG10L,147645,27111,"Q86VR7,A2VDI5",VSIG10L,"V-set and immunoglobulin domain containing 10 like","gene with protein product"
2246,T031474,3,0.0015,p35@ARHGEF7,8874,15607,,ARHGEF7,"Rho guanine nucleotide exchange factor 7","gene with protein product"
2247,T176777,3,0.0015,p1@SBDS,51119,19440,"Q9Y3A5,F8WE72,F8WCV5",SBDS,"SBDS ribosome assembly guanine nucleotide exchange factor","gene with protein product"
2248,T067796,3,0.0015,p14@TCF4,6925,11634,B4DUG3,TCF4,"transcription factor 4","gene with protein product"
2249,T160772,3,0.0015,p42@SYNE1,23345,17089,F8WAI0,SYNE1,"spectrin repeat containing nuclear envelope protein 1","gene with protein product"
2250,T137630,3,0.0015,p1@LMCD1,29995,6633,"C9IYS1,F5GX84,Q9NZU5",LMCD1,"LIM and cysteine rich domains 1","gene with protein product"
2251,T016217,3,0.0015,p3@PLA2G16,11145,17825,P53816,PLA2G16,"phospholipase A2 group XVI","gene with protein product"
2252,T020636,3,0.0015,p7@CSDA,8531,2428,,YBX3,"Y-box binding protein 3","gene with protein product"
2253,T138527,3,0.0015,p2@UBE2D3,7323,12476,"D6R980,D6R9F6",UBE2D3,"ubiquitin conjugating enzyme E2 D3","gene with protein product"
2254,T184553,3,0.0015,p19@TACC1,6867,11522,,TACC1,"transforming acidic coiled-coil containing protein 1","gene with protein product"
2255,T173823,3,0.0015,p5@RAPGEF5,9771,16862,C9JHM4,RAPGEF5,"Rap guanine nucleotide exchange factor 5","gene with protein product"
2256,T009687,3,0.0015,p19@CRYAB,1410,2389,P02511,CRYAB,"crystallin alpha B","gene with protein product"
2257,T156087,3,0.0015,p15@CMYA5,202333,14305,Q8N3K9,CMYA5,"cardiomyopathy associated 5","gene with protein product"
2258,T114596,3,0.0015,p1@UBR3,130507,30467,Q6ZT12,UBR3,"ubiquitin protein ligase E3 component n-recognin 3 (putative)","gene with protein product"
2259,T111686,3,0.0015,p1@TMEM37,140738,18216,Q8WXS4,TMEM37,"transmembrane protein 37","gene with protein product"
2260,T093576,3,0.0015,p1@FNDC5,252995,20240,Q8NAU1,FNDC5,"fibronectin type III domain containing 5","gene with protein product"
2261,T118890,3,0.0015,p4@TMBIM1,64114,23410,F8WDY4,TMBIM1,"transmembrane BAX inhibitor motif containing 1","gene with protein product"
2262,T027369,3,0.0015,p1@STAC3,246329,28423,"Q96MF2,B4DUK9,G3V5D4,G3V2L9",STAC3,"SH3 and cysteine rich domain 3","gene with protein product"
2263,T196148,3,0.0015,p2@MUM1L1,139221,26583,,MUM1L1,"MUM1 like 1","gene with protein product"
2264,T201506,3,0.0015,p7@DIAPH2,1730,2877,F5H7I1,DIAPH2,"diaphanous related formin 2","gene with protein product"
2265,T070268,3,0.0015,p2@DAND5,199699,26780,Q8N907,DAND5,"DAN domain BMP antagonist family member 5","gene with protein product"
2266,T181160,3,0.0015,p7@DLC1,10395,2897,Q96QB1,DLC1,"DLC1 Rho GTPase activating protein","gene with protein product"
2267,T072534,3,0.0015,p8@C19orf12,83636,25443,Q9NSK7,C19orf12,"chromosome 19 open reading frame 12","gene with protein product"
2268,T088226,3,0.0015,p1@PLA2G5,5322,9038,P39877,PLA2G5,"phospholipase A2 group V","gene with protein product"
2269,T088168,3,0.0015,p2@PLA2G5,5322,9038,,PLA2G5,"phospholipase A2 group V","gene with protein product"
2270,T187068,3,0.0015,p2@DECR1,1666,2753,Q16698,DECR1,"2,4-dienoyl-CoA reductase 1","gene with protein product"
2271,T177306,3,0.0015,p1@YWHAG,7532,12852,B4DE78,YWHAG,"tyrosine 3-monooxygenase/tryptophan 5-monooxygenase activation protein gamma","gene with protein product"
2272,T113440,3,0.0015,p5@NEB,4703,7720,,NEB,nebulin,"gene with protein product"
2273,T020179,3,0.0015,p4@IGF1,3479,5464,P05019,IGF1,"insulin like growth factor 1","gene with protein product"
2274,T196619,3,0.0015,p5@KLHL13,90293,22931,"Q96HC9,Q9P2N7",KLHL13,"kelch like family member 13","gene with protein product"
2275,T031841,3,0.0015,p1@GJA3,2700,4277,Q9Y6H8,GJA3,"gap junction protein alpha 3","gene with protein product"
2276,T056014,3,0.0015,p1@C17orf39,79018,28453,Q8IVV7,GID4,"GID complex subunit 4 homolog","gene with protein product"
2277,T096831,3,0.0015,p5@NEXN,91624,29557,,NEXN,"nexilin F-actin binding protein","gene with protein product"
2278,T192790,3,0.0015,p1@CNTFR,1271,2170,P26992,CNTFR,"ciliary neurotrophic factor receptor","gene with protein product"
2279,T055323,3,0.0015,p15@GAS7,8522,4169,,GAS7,"growth arrest specific 7","gene with protein product"
2280,T150604,3,0.0015,p4@CAMK2A,815,1460,,CAMK2A,"calcium/calmodulin dependent protein kinase II alpha","gene with protein product"
2281,T075570,3,0.0015,p9@CKM,1158,1994,,CKM,"creatine kinase, M-type","gene with protein product"
2282,T143562,3,0.0015,p6@TBC1D1,23216,11578,"B9A6J6,Q7Z6H2,Q86TI0,Q8NC59",TBC1D1,"TBC1 domain family member 1","gene with protein product"
